9.917455837394124618e-01 3.174958713659132847e-01 5.065554820773674471e-01 2.877273456668268947e-01 6.298961063559741502e-01 2.520192006982755473e-01 5.799993485499329582e-01 2.791342345724915353e-01 7.009163045468348452e-01 7.958535284004170096e-01
2.049574220838794592e-01 2.199947039175712549e-01 5.372088303654495300e-01 4.152813770462291387e-01 8.608808637164875321e-01 4.802794514513067936e-01 2.718296746348516368e-01 4.469219218381637049e-02 7.894230254538109337e-01 4.705878016679252429e-01
8.393284225778652186e-01 1.145090175064700233e-03 8.911678958248094862e-01 3.277895422425147753e-02 5.908319272610000894e-01 3.858260469702513573e-01 3.285595460431294246e-01 5.794464340054007456e-01 4.108151141260634187e-01 2.348885051403238888e-01
9.926195319585209287e-01 7.844983140730483751e-01 5.922513931435435808e-01 9.540531839080790277e-01 9.035139510736565072e-01 1.899192888567826643e-01 1.435908691961830241e-01 8.799876186192701066e-02 8.776870885206726758e-01 3.252011637248151121e-01
5.394135950485847708e-01 8.659692228589936924e-01 4.917696459918742269e-01 4.423455147172495883e-01 7.694368497008720054e-01 9.200806601120170569e-02 1.670293269949010284e-01 6.776124903575831970e-01 2.319790032510185007e-01 4.761367204913247164e-01
9.142869738111664146e-01 2.566204451028089029e-01 1.516550844956976452e-02 2.326168811739124376e-01 1.096515381982818838e-01 8.190312086509481393e-01 1.072052791021999019e-01 7.740571820679141846e-01 7.587574650720729785e-01 2.460267969207590166e-01
3.116716155360954588e-02 5.928647390276635676e-01 4.518606890082950134e-01 6.302157391357599003e-02 8.653935030578738807e-01 7.131883606511107976e-01 6.886631000394919377e-01 4.650332797177775257e-01 4.675428536459720341e-01 5.619914198643394254e-01
4.698163670154891225e-01 7.491623899621709937e-01 8.036956697094598256e-01 2.427726152759768219e-01 7.443213719254360150e-02 7.008186633176680669e-01 3.634107305677274358e-01 2.214920330492566869e-01 4.329884711908715822e-02 7.598446587580950373e-01
1.841506215418092784e-01 7.880715604970460753e-01 9.403524725742938850e-01 3.800798102029658843e-01 4.790171155671205661e-01 3.442615207292343271e-02 8.953347378661532519e-01 8.004041955755868409e-01 5.728473651866073935e-01 6.515889353779673598e-01
7.607534498418440094e-01 6.174364470395685700e-01 6.425429735349086346e-01 4.951048186590587541e-01 3.238100243611030660e-02 6.813378270618477561e-01 6.316567218163602337e-01 1.548395827312870621e-01 9.999965021984391633e-01 7.622712765721817441e-01
8.746938265298692672e-01 1.067671699424380671e-01 6.304521222691977789e-01 6.158177002180423854e-01 9.434424783777589640e-01 9.223023788840950532e-01 3.257851752570373183e-02 2.680446383398046306e-01 5.969903177590639709e-01 5.251194298759046530e-01
6.319272842398138135e-02 3.394262467912517733e-01 3.109497020511970966e-01 7.454142342774371377e-01 7.088106279260686371e-01 9.094880329468449931e-01 7.240132335776128247e-01 8.306811986702623551e-01 6.528368570000261384e-01 5.471677452829484256e-01
3.836495079698897248e-01 6.805858221576683853e-01 7.420782368703955356e-01 9.547356240703924746e-01 1.334082025021087192e-01 9.694378707227321312e-01 4.488508016171977033e-02 8.666475727710788446e-01 1.130890842143990049e-01 7.601386085417418670e-01
6.117191876375379644e-01 4.073485048163776323e-01 4.732801891408580097e-01 8.769129237427009116e-01 5.493815688526119123e-01 4.497320189811711000e-01 6.246812778537657040e-01 4.292271764938347944e-01 1.321812784167923915e-01 4.515235933976764482e-01
9.777590748443333313e-01 3.994882238128886209e-01 8.590666830792241804e-01 4.965412246308767985e-01 1.508528762293837033e-02 7.236977695713328051e-01 7.489799139006947382e-02 2.697282707404335955e-02 9.060395353407615371e-01 1.704287183347232837e-01
9.096868070010902807e-01 9.799884981949997798e-01 1.026000705404361835e-01 5.362686148943559550e-01 9.726576069807020275e-01 4.148785089303984597e-01 8.301919067144480913e-01 4.719653457758046233e-01 9.279276731810414125e-01 4.961119656439449965e-02
1.644801260179974411e-01 4.400688818262966651e-01 3.897786532043280294e-01 8.364590678140828572e-01 7.943914145112640490e-02 9.486084251592389327e-01 3.638134244552698737e-01 7.541788577564392249e-01 1.056485213908598952e-01 6.772273036380105360e-02
4.614142493420388957e-01 9.429744211218205052e-01 2.398281133439034152e-01 4.880290790833309300e-01 2.080478818514516215e-01 9.684311025689226193e-01 6.355945170138852518e-01 5.330386013602396167e-01 1.278616716857506885e-01 7.552584430300283147e-01
9.461811239931546824e-01 8.752775693956249548e-02 9.020353257752579124e-01 1.149860033406060467e-01 5.038044150519287445e-01 7.500689102456836732e-01 1.120177025206636756e-02 6.439437229653274253e-01 6.762902811411815041e-01 7.364581698279573096e-01
3.570002559590568225e-02 4.224049187958254237e-01 1.013849273309389565e-01 1.297354979723219781e-01 1.381183278705300221e-02 6.235099824189010986e-01 5.944952473114051283e-01 9.975571688214140975e-01 5.444333116602392275e-01 7.633691296360556322e-02
2.739036072685752110e-02 4.600658022310084583e-01 5.947901367636471148e-01 6.150157546815250287e-01 9.820679353494424779e-01 5.065690584891169301e-01 3.629125683095391075e-01 4.498214850514019592e-01 2.998261455039361589e-01 1.389664673590995658e-02
4.814318954144136686e-02 4.257682255688427508e-01 1.060320950065217760e-01 1.414080028323354554e-01 7.988781771949149402e-01 1.724353813632165666e-01 9.581006816943999915e-01 3.597346462673878253e-01 2.348326314074085097e-01 7.632047670157804387e-01
1.373367156964260261e-01 8.172418294735142030e-01 1.103910352292808428e-01 1.899447075660805062e-01 9.064336957837023645e-01 8.757904283974460302e-01 1.547095180963680150e-01 8.172387819632780381e-01 7.061146463271924523e-01 5.982644491231126072e-02
8.271001849370442915e-01 8.383674399872363958e-01 2.123204007954779815e-01 1.406453885292957562e-02 4.777036997411163721e-01 2.340396860592196537e-01 9.597860242471072389e-01 7.550973720803123568e-01 4.522756813734428727e-01 3.817830536682796927e-01
3.539575676140347404e-01 5.078164742935742382e-01 6.533201341841448073e-01 5.727516879829017693e-01 2.984637030701432492e-01 5.514414550483461852e-01 2.005470417384518367e-01 6.669896733250054721e-01 9.254400866083991595e-01 3.596191893918503357e-01
9.750743074129626375e-01 3.281946451404194054e-01 4.193595756071827330e-01 9.963535323159024015e-01 6.519398143968457848e-01 4.140451763063599522e-01 6.951908804909018302e-01 8.056286737694835498e-01 6.261596508791431592e-01 2.810919866575055659e-01
4.560059740210301582e-01 4.667196243227138552e-01 7.161085676062316496e-01 7.534718873666227390e-01 7.149887359851059276e-02 7.957938310711205609e-01 5.346239073884547777e-01 4.813357562947653268e-01 4.084623319538133179e-01 7.419420300300569870e-01
1.130332977985343268e-01 8.940404776004047260e-01 5.640102607595377515e-01 7.842522649186680628e-01 2.134776856175591986e-01 4.175721699758487837e-01 5.445186823895331596e-01 3.586266612819786204e-01 3.857588377450982264e-03 8.437317051726830330e-01
9.727935438101602550e-01 8.088501538212116149e-01 1.543672246728656772e-01 1.401463761387312656e-01 8.813434941580752247e-01 9.903917083498383622e-01 5.207022735087925014e-01 7.161222996806403396e-01 7.730798554221490759e-01 6.282998804228885348e-01
3.263276323261797840e-01 8.427925600455020705e-01 8.506813286234093940e-01 9.364595453336969078e-01 4.759495636086052972e-01 2.356414052287680860e-01 1.683008249484543306e-01 3.442052466646929876e-01 9.054062002722025326e-01 8.316450433691922051e-01
6.366255381966302584e-01 1.554212835965007589e-02 1.733020150575746987e-01 9.475731189598379789e-02 3.307148197823706059e-01 6.807549676197737210e-01 1.401194845254707388e-01 5.763661625874919592e-01 6.297066104523487695e-01 1.059379101553734603e-01
3.200125361804426749e-01 9.688585415590422745e-02 4.632075438516249921e-01 3.572292006289465860e-01 9.396646020596374216e-01 4.590566204673884876e-02 2.555963805661721766e-01 5.959920527654827271e-02 3.841619520076400285e-02 4.342429657589497172e-02
8.771728105577569767e-02 7.380947766539596167e-01 9.178162300865415624e-01 2.183274894584275039e-01 7.339107865919304308e-01 1.242899279793727718e-01 2.109176803735995920e-01 1.588381337537769777e-01 4.798632306990588958e-01 9.838928752770871311e-01
3.140795049100537639e-01 9.775167477442380237e-01 6.141485722046676754e-01 5.177302364906096743e-01 6.567985248619045979e-01 6.879113669510455997e-01 7.505300177298916964e-01 1.858058630259316057e-01 4.985375912602267867e-01 7.518625699649322813e-01
1.036129554513145479e-01 8.550567241374299465e-01 5.649413587079696875e-01 3.325290211235985005e-01 7.315456839181888604e-01 7.808694857185107807e-01 9.444734418173981183e-01 5.083116093643655908e-01 2.505581829038538988e-02 8.493755828977520572e-01
5.128481909930316940e-01 4.070077566552585679e-01 2.701077799884186170e-01 4.209796681240395300e-01 3.174049739895585809e-01 6.372707529992074349e-01 8.682425512524944988e-01 9.142517513729937484e-01 5.735639850635929626e-01 4.120414351131173047e-01
9.284231505805620177e-01 9.430414398004887122e-01 7.220538371801885624e-01 9.209945143279808510e-01 9.013640847231586539e-01 2.890944608552945549e-01 8.404677939835945022e-01 7.206239304808207402e-01 1.205367192555002465e-01 6.693140461373342509e-01
1.152402022407585935e-01 4.315802282844983795e-01 1.324044854813642980e-01 3.006327326681339507e-01 5.860103807888182859e-01 4.386061386607285062e-01 5.791296195590664997e-01 7.883381372475359861e-01 7.529641209378029609e-01 7.775906006294569517e-01
7.234868482800586031e-01 2.655219402991195743e-01 7.993125887941520125e-01 6.501460392737966609e-01 3.342883310211378634e-01 9.720112878546601776e-01 6.854589785719329420e-01 3.464419424240345879e-01 1.692964101799272481e-01 4.134702541613781701e-01
4.412175405277829476e-02 8.668254471840860509e-01 1.649706877887446854e-02 4.044181944651017435e-01 2.442379044040101643e-01 3.609662453072068899e-01 8.470848306594209731e-01 2.796950721422464259e-02 9.408441125760360624e-01 2.302177802936185014e-01
9.434677752255090644e-01 4.627988112809860999e-01 1.167471942107908278e-01 8.199761285467855876e-01 4.756337703730462163e-02 7.080305989575086389e-02 3.407718156601271531e-01 4.804397771958421881e-01 2.838173494550094711e-01 4.356541358347596482e-01
6.500482603604097465e-01 1.725829474346969317e-01 7.041097494324818351e-01 6.544300986696138800e-02 1.846084478561329512e-01 4.277586187636001069e-01 4.565118084962801470e-01 4.262593118689859129e-01 5.527159418138554159e-01 7.850457647664863536e-01
3.294341362732449152e-01 4.678982630425907452e-01 4.378839008770919472e-01 8.181795078007696453e-01 7.675860278620905142e-02 2.944380698201548574e-01 9.233756874348575394e-03 4.940459536456626166e-01 3.947370298729216964e-01 5.868028377877497759e-01
2.738318277874226547e-01 2.019527242204288697e-02 2.178159905919706540e-01 9.404863358525542560e-01 9.116231648765514839e-01 2.013733224529760113e-01 5.250026741484115078e-03 8.178425869027100559e-01 7.202710206761373524e-01 6.449920567436200347e-01
6.240221726389983958e-01 3.941397719347627948e-01 5.002774503533509165e-01 8.727964796919002177e-01 2.526667282050343299e-01 6.925886216545473761e-01 5.305425037736982707e-01 4.669552004003282297e-01 4.111080649989622415e-01 8.873879178433941028e-02
3.629192101027771677e-01 8.811010081383783277e-01 2.866006289574722921e-01 6.944108229412352395e-01 4.908161489594667914e-01 4.277457487094324939e-01 6.405371822323925324e-01 4.719739648017884370e-02 4.399144589958173812e-01 5.112371682974361509e-01
4.678031368766136788e-01 4.057122235390565601e-01 7.452936192753594202e-01 1.882066584969873668e-01 7.661178267214894255e-01 8.785995311871866997e-01 2.051811412656897593e-01 3.461067309530756475e-01 8.759595709291903010e-01 9.464171968469917706e-01
8.181565337412300964e-01 7.235845117182182484e-01 8.908252664871999515e-01 8.066472096611881915e-01 6.387153685294281180e-01 7.313191570384008910e-01 5.568320197781255754e-01 7.510718997394830732e-01 5.508838794860723143e-01 3.354436387361388050e-01
6.654358628789814878e-01 6.979235396463087104e-01 8.825944803898054802e-01 9.255807318077949875e-01 3.527337505882686131e-01 1.694978996285485540e-01 8.658300669516124648e-01 5.850743193829830435e-01 3.794574261490559763e-01 3.899257883116217238e-01
7.200146086266956402e-02 4.510923616846395090e-01 6.542838670659070210e-01 7.623272967438932124e-01 4.753166709100742349e-01 9.893452196308292201e-01 2.025348081093308883e-01 1.168757864928535728e-01 1.045876599038544352e-01 1.219488658085964294e-01
9.794763543875271150e-01 7.326127585438662049e-01 9.667125726497439731e-01 9.385954006067208644e-01 6.984505717894525789e-01 3.681646460467618009e-01 9.033237583944592197e-01 5.366197305750516344e-01 8.464031919079590960e-01 8.132714903230447989e-01
8.719755756277106640e-01 7.874413296454685351e-01 4.127785934081203978e-01 5.601849386814644616e-01 8.478374613517070113e-01 6.425876210399881217e-01 1.211554779507969526e-01 7.872575470709661793e-01 4.908393990310637722e-01 3.635270959568968063e-01
4.221075869185358931e-01 2.742193485076639403e-01 2.037683778823171643e-01 9.820672571864482725e-01 8.224801841824366244e-01 9.236171161156974119e-01 9.957763135417265765e-01 5.793662881591259417e-01 8.454111695114874259e-01 6.376961034492363289e-01
5.320507065467994234e-02 1.545903222136404409e-01 5.581780437638962367e-01 5.525567220849736394e-03 2.916800941033543815e-01 1.487097593700937859e-01 1.446536086786087694e-02 7.540070442355486513e-01 4.899301131058200198e-01 3.013256378320781081e-01
1.335671830826662410e-01 7.549619134920426688e-02 7.207016572759529227e-01 7.073458197904373135e-01 1.741665924522308728e-01 2.895816687065885242e-01 2.376023096605350826e-01 8.570490435036715038e-01 3.823563323681402615e-01 1.749650351315668040e-01
1.940759175272983583e-01 1.317446215640297735e-01 6.419290693891273047e-01 1.137976983355987182e-01 1.496957913778337312e-01 1.668026055808369268e-02 4.919465734327871376e-01 4.749468597862254171e-01 7.776563024659525203e-01 3.103262240484629952e-01
9.780771559255208025e-02 1.420574266017393672e-02 9.267043017934214477e-01 3.179172216235714998e-01 6.111239447269560809e-01 9.949910281189454642e-01 8.486673206522383772e-01 6.561865767283291406e-01 5.999740612649007154e-02 8.268387372542393976e-01
6.938676138038610830e-01 4.824364414697582815e-01 4.120967092516094610e-01 8.344642011066011333e-01 5.265813708721173159e-01 3.929280405686474964e-01 1.369292424933489238e-01 4.732995108475938073e-01 5.721449537247780270e-02 7.076980101000628354e-01
2.744778739632279807e-01 3.453771430762044847e-01 4.388313051710024393e-02 1.031143509268924729e-01 2.991715659327531807e-01 1.146361562985023230e-01 8.740545271679723838e-01 9.772801331433066396e-01 9.128189989562269790e-01 5.965112057505478349e-01
3.462735805842999115e-01 1.020598245011713479e-01 5.241886067954283357e-01 9.791158973270999155e-01 1.089179104549087285e-03 2.343021527594224551e-01 6.875736242873380366e-01 8.738596994278192698e-01 3.676513698926108242e-01 4.606790096399334677e-01
9.620141641956420075e-01 8.112922161308772084e-01 2.563872516401465296e-01 8.310103374912727325e-01 4.660030853974316267e-01 2.370501307460921581e-01 4.012761848067739612e-01 8.117092067264897182e-02 3.550093358528749743e-01 5.830910762798497959e-01
2.293237378777059909e-01 4.483254522176054468e-01 9.648755181318579011e-01 8.398853612292372928e-01 6.521244503124782321e-01 6.354049571081642478e-01 9.151489526109481965e-01 4.845983822971224875e-01 7.357656194130784977e-01 1.942419322136276216e-01
9.810997753452469494e-01 8.826351804918562971e-01 6.670826847553552597e-01 9.083878315714747353e-01 8.420243425382388791e-01 5.943950205674375376e-01 1.433497426389508389e-01 5.733197008452761700e-02 1.064598446405196075e-01 8.240271868047304160e-01
1.397568425425684824e-01 8.552817226202515943e-01 4.521509782301712521e-01 5.345212514688744143e-01 5.238419060604849742e-01 4.912673520431691809e-01 1.718161561743903887e-01 7.788260064506168368e-01 4.389926665001607775e-01 1.112037315243036284e-01
4.980066324312293347e-02 6.812472350295913914e-01 5.709403657444989122e-01 1.351337684523412630e-01 9.410045103926847343e-01 8.241820431269986091e-02 8.941846320996346131e-01 8.865591114824664665e-01 5.707367009970705229e-01 6.987129008166819144e-01
2.757857101027563207e-01 7.966134631770679375e-01 3.055638047664335222e-01 7.220438970132249112e-01 2.469547462229640944e-01 1.131101799457356893e-02 3.242861365163492993e-01 9.497085630737968076e-01 9.757050325023582937e-01 5.141054708840062659e-01
8.853436343439099465e-01 7.302435059496985570e-01 2.792328082352357743e-02 2.020416352736936760e-01 4.677239345413198857e-01 9.919979083812864307e-01 9.381268344906663614e-01 5.649686265139304275e-01 7.588798875525881726e-02 9.542770359197031427e-01
5.157169302128929989e-01 1.557600157604979163e-01 6.066082729578869959e-01 2.570750359280671304e-03 6.590376095496736086e-01 7.809904846758706221e-01 3.408389360511060451e-01 1.943335893539640535e-01 4.178803208029072680e-01 2.613495642424007448e-01
1.270522882454971914e-01 1.679703906461600393e-01 6.136282539748528775e-01 3.176382259018907250e-01 7.284653462482495456e-01 8.321627760532172013e-01 6.863968120263913564e-01 2.239902972406180304e-01 8.723346158812788076e-01 1.403303274861069649e-01
3.392870664937290837e-01 1.965340034121234591e-01 9.999208055414589014e-01 1.216081809855079632e-01 2.611882568372875246e-01 3.659538262566989220e-01 5.513104600020255486e-01 9.274805216792076923e-01 8.741185778725006905e-01 9.000897130902820731e-01
6.023915510287654040e-01 2.479185171274281840e-01 5.850813377089721934e-01 9.328918954585746492e-01 3.795391038677153883e-02 8.714527893990132723e-01 3.562818143377781688e-01 5.008833191097290527e-01 4.034558965945260756e-01 1.233015005669033659e-01
4.223014669878309979e-01 5.168637282830632618e-01 1.791658735948182812e-01 9.962915112859336286e-01 2.696168424303982958e-01 9.524845871430787092e-02 7.241644171303585065e-02 2.821574230114408666e-01 7.904877772386056378e-01 8.404536223990746180e-01
2.611502526075325514e-01 6.255618695306194299e-01 7.636052345072265046e-01 1.213184188348246373e-01 1.182952712695660713e-01 5.782269711755630981e-01 2.899520426106886317e-01 5.323709161213289187e-01 7.327649564909388680e-02 9.628204416627390572e-01
6.455102015335277832e-01 3.433202372886016152e-01 4.328361104019593508e-01 4.015557723336092844e-01 5.989357407997245586e-01 6.172467681612515689e-01 1.210286967115558054e-01 1.758462187206853988e-01 2.641518275631439261e-01 3.893125908254528866e-01
1.730012282443094129e-01 8.690363622143785216e-01 1.450613212299391996e-01 6.805206408104924609e-01 3.601334281483483668e-01 8.922385980496086999e-01 6.878062576951895490e-01 5.006404384783391670e-02 4.160071070898473389e-01 4.483572722666381294e-01
9.545707432398821135e-01 9.731106836794944925e-01 8.755367877983509795e-01 6.129992319200083806e-01 8.189925757189671085e-01 9.163655688105731834e-01 7.822464039159467974e-01 2.715929142608404234e-01 4.227033631322070217e-01 2.461466444024702493e-01
6.623006172450917051e-01 9.414418664969267381e-01 7.151863303789596227e-02 4.066971474229915673e-01 1.552656789629969225e-02 1.226606591326141471e-01 4.867430984686709206e-01 6.873763883293726451e-02 4.522815051620324711e-01 3.646162142297320052e-01
4.244313004223813079e-01 3.732099550902894247e-01 8.984812176094914005e-02 2.519237578895427987e-01 2.144781409323648358e-01 2.962106981719329069e-01 1.990688612635261867e-01 4.751278112550881838e-01 8.166413187109176075e-01 2.810599391007804204e-01
6.411974805996057958e-01 5.280102920808990019e-01 8.602877330360518826e-01 7.058644584078120898e-01 5.271056939664741092e-01 5.496880618945166885e-01 7.759432377564378092e-01 8.535896729860256160e-01 9.278989631144768380e-01 8.809408863414013302e-01
8.341342908727860106e-01 5.245386536468457095e-01 7.421680131808171543e-01 7.120371402592521326e-01 1.581323550470647987e-02 3.439323578623901811e-01 2.936876293934609361e-01 5.445807953349844910e-01 6.184198965630984812e-01 5.096778056542161650e-02
3.909163610820545198e-01 7.309746787053923445e-01 5.973225099231638247e-02 1.670791419071678829e-01 6.636586493979471646e-01 5.192653001793020584e-01 5.603261371723081696e-01 2.160130552585407537e-01 3.442583017786536859e-01 1.830132236072076202e-01
8.332150920324667975e-01 7.124431929190555568e-02 1.273633753724872086e-01 2.753797290948476473e-01 8.380539320011445303e-01 9.041953163887440637e-01 3.477961471027013474e-02 8.746623458443698595e-01 5.592835877917040621e-01 9.728668110063770635e-01
3.666004150463572087e-01 1.184734086267972275e-01 5.036342462738087056e-01 1.804638415297394882e-01 8.092333504805394595e-01 6.377914223239663505e-01 1.138520375122009654e-02 2.330946157269854213e-01 2.421150900099344749e-01 7.755361787001852081e-01
8.069173739786746902e-01 8.400651893643384938e-01 2.508793430911743227e-01 5.377446092687495627e-01 9.549057121950482729e-01 1.947941182711627750e-01 1.061819215870707378e-02 4.373918748494373121e-01 8.726157872791630021e-01 7.817996522092565126e-01
7.317711882741109175e-01 7.844897251350059220e-01 5.995050962977680475e-01 4.669658423029272587e-01 4.127019496939264842e-01 2.983392077845592461e-01 3.883911235796615458e-01 9.852950625402314699e-01 5.181324100700724911e-01 2.589341832961412626e-01
2.969561554174754425e-01 8.796898941764775826e-01 9.248572463020824364e-01 9.942645161431278300e-01 3.333039458805076016e-02 7.483773066352187309e-01 8.828093363560295392e-01 5.749977949160018920e-01 2.719398110461210827e-01 6.777560675127689560e-01
3.414505174186873715e-01 3.873925277626575348e-01 8.055988302928851486e-01 2.169812406028370777e-02 3.515252648300594140e-01 7.384492076270908756e-01 2.454523959838031955e-01 4.057653088741056679e-01 8.645803706623378382e-03 3.376406985629887281e-02
6.324372362491147426e-01 4.636568103481996106e-01 8.859925689316708874e-01 2.133594742053782634e-01 6.616396046378655305e-01 2.104528129745020237e-01 5.374191240269639014e-01 9.420385121265270056e-01 4.330043384731454559e-01 8.938191692543387967e-01
6.411918336020673292e-01 4.287910937105158249e-01 4.296823149814817944e-01 6.706036906376052764e-01 9.447707203167354795e-01 5.927923371858228041e-01 8.676500340276638301e-02 1.629512326527826627e-01 3.592951201644943859e-01 9.284683801324757901e-01
8.159450014871161283e-01 9.896409553517049318e-02 1.740471930785634225e-01 9.343297165066529741e-01 2.176477540541322808e-01 4.223039104459345161e-01 7.869341232439104328e-01 8.339318093890736305e-01 5.762751628781885849e-01 5.804407352824194621e-01
8.936871824462100378e-01 6.418082859140123997e-01 1.881239523485787046e-01 1.725323773690159435e-01 3.106683598253516809e-01 3.958949621611848046e-01 8.284047538661546417e-01 6.025419544145371731e-01 5.773300626256103740e-01 4.049675444279832170e-01
9.639919523050430872e-01 8.275590174621993977e-02 8.334280057008326414e-01 3.258936927433552233e-01 3.952048384553170646e-01 4.217142819369670281e-01 4.880152653295504184e-01 9.207993985286678784e-01 8.744365422514915887e-01 8.737747784046774324e-01
2.927019965155852610e-02 9.953906856120188218e-01 9.060745104046226128e-01 9.039920679594156683e-01 5.333204008691163622e-01 7.038431189663902909e-01 8.155981500360972580e-01 2.416741507150420576e-01 2.678756695795686538e-01 2.872227315497773992e-01
5.054962261844918592e-01 7.277547095693032153e-01 7.130036585552328443e-01 2.206853958616221689e-01 2.630056268998914870e-02 1.665470447952399624e-01 6.265734307115171653e-01 5.544309824080686511e-01 1.523247818583148838e-01 5.241562023768338019e-01
4.303229339490941552e-01 7.454125902456857355e-01 8.241001900814185488e-01 8.238824296832933936e-01 2.176137387760400665e-01 7.562754779355773671e-02 4.359498646034265512e-02 3.297589290161364595e-01 9.639022946530587665e-01 1.466782585230242963e-01
4.071123216702805525e-01 8.479144630333506072e-01 5.859930999994811263e-02 9.969028632987942951e-01 4.334520086685463847e-01 6.354439410528934795e-01 2.773345728139452460e-01 2.988344907269085970e-01 4.316823294096490127e-01 4.346042053658419890e-01
1.116398785500671842e-02 4.045664220823359525e-01 2.843989622176822385e-01 4.139081260251630257e-01 4.599137363979276527e-01 4.579781335379199403e-01 7.391929178288846325e-01 9.369970872071827772e-01 2.913211296623546831e-01 9.529468052696969949e-01
6.755853112486753798e-02 8.693886650376344560e-01 8.312237435459006729e-01 8.473525600521543133e-01 4.313549782316999925e-01 2.841315620648773299e-01 5.804577092518452552e-01 1.898130328652140042e-01 5.519035290145481998e-01 4.409806337874897508e-01
7.574468927460564771e-01 7.957985653767724044e-01 9.388275502014969964e-01 3.351169165326964849e-01 3.368580273357575372e-01 2.797340789096498526e-01 1.983794073012673520e-01 5.516578362993260765e-01 2.918568879217525724e-01 6.580257174719754687e-01
2.026127538209001600e-01 5.804692725557678568e-01 5.496865965275459232e-01 6.096208821169638581e-01 9.577325262374072334e-01 5.702342411759706575e-01 1.068524620926063484e-01 2.186835421590240802e-01 8.015342687948261435e-01 6.766484191821321437e-01
5.050540167628247978e-02 6.509810957005232046e-01 7.076886602631420331e-01 1.820293736701154019e-01 6.613204369900701485e-01 9.091197457135775650e-01 2.391161838430528874e-01 6.078708269620718418e-01 4.756453772841603422e-01 6.690105129147109198e-01
3.561322470731576040e-01 1.819962873160643202e-01 1.675521268340071090e-01 5.466889256896959592e-01 3.840812656972200090e-01 9.495508768189356852e-01 6.932889726092429372e-01 9.093143248281089219e-01 8.755134345590170897e-01 6.030930411378021549e-02
8.125895828983707991e-01 5.450966246292684447e-01 2.253473836686938903e-01 5.664700427207268740e-01 9.257791170538351988e-01 3.613051334448258434e-01 6.119990347035055844e-01 3.594912314727265468e-01 5.751712048131492061e-01 1.917529344052381068e-01
3.801035594694532893e-01 2.587049151904138311e-01 4.602950774642516896e-01 5.131186959978039086e-01 8.856775718669156472e-01 2.834811352547764729e-01 3.770526307402969346e-01 6.597534628157608605e-01 4.335615339932562540e-01 1.565140326172991259e-01
5.284683322893802826e-01 5.336085266874214250e-01 4.837990756498933287e-03 4.176200545704823464e-01 6.164673511279988860e-01 1.122745687642251466e-01 1.135044854059481523e-01 7.756258264753624898e-01 5.974684991175543969e-01 6.044182391185770609e-02
2.103657326057933874e-01 2.798969052119623102e-01 4.154595999600319001e-01 8.960946612231880382e-01 7.447637754925150455e-01 5.086299471152271323e-01 7.176311546431688448e-01 9.331302951587467920e-01 6.178797235639780228e-01 3.634326476791248650e-01
4.427652001611458443e-01 3.489750842776225825e-01 8.799917198033770926e-01 8.274360643129720083e-01 2.670326214127155540e-01 6.075695217016041649e-02 6.868074207546703835e-02 8.461097717884757952e-02 2.659071835612719648e-01 7.086228769583752252e-01
7.768154732803105311e-01 8.893583833277305395e-01 4.391069911995720831e-01 5.161350613845491209e-01 4.757893698590914822e-01 1.260841029308779060e-01 2.393019065808911217e-01 8.940579193624825782e-01 1.156008027419052064e-01 6.191354276134101164e-01
3.008185524960949042e-02 1.269760516031491759e-01 3.100446753879131379e-01 4.640465759991366790e-01 4.832962453791685986e-01 5.225797673047888336e-01 3.640636264977915593e-01 7.145873760144000331e-01 9.627948262556740300e-01 8.435066685453945778e-01
2.933901394253081163e-01 5.004692719597617634e-01 1.426579902184310633e-02 8.901967520813636181e-01 5.085621720794681888e-01 3.640005355607633941e-02 9.490381406676730025e-01 5.968399544084885822e-01 7.829881204560447117e-01 7.113661870083017869e-01
4.952422372109984705e-01 3.013305362919614927e-01 3.525819453989886831e-03 8.102304658495945722e-01 7.606487719085633925e-01 2.653842045591783272e-01 5.141773818590257283e-01 8.991242249798808706e-01 3.164303717481493639e-01 3.738699698722663944e-01
7.758202215240461719e-01 7.807792676308841218e-01 9.136805074898188828e-01 4.733063299190557460e-01 8.808578706858357643e-01 6.342608325214664777e-01 9.748641909707719266e-01 6.438692688348077731e-01 8.334189776342452172e-01 5.738866049214726983e-01
5.631499308413958627e-01 1.497283807967850766e-01 6.873166662184798659e-01 9.726751442702745720e-01 9.246542945365677779e-01 8.826572611508388677e-01 1.722079419606625805e-01 5.333875342373862738e-01 8.937691341264117906e-01 2.314974236261231333e-01
2.726321540287846013e-03 4.234166201340480162e-01 4.235328227397915368e-01 2.522247576000813396e-01 1.415400231198543635e-01 5.815018110164350551e-01 5.909324557663009347e-01 5.590787109095154417e-01 9.973240601364075086e-02 8.397075921611313332e-01
2.259863970384260456e-01 2.626128670841196833e-01 7.377636956535926771e-01 5.077091104234832120e-02 7.903531445994012028e-01 5.972270338899674513e-01 9.731156388839261595e-01 3.007974991212146731e-01 6.113838232206895151e-01 7.215721377313583096e-01
5.369430441814976307e-01 3.953891654016171708e-01 6.782458335388634740e-01 4.275290434805090189e-01 2.901731759861486681e-01 9.421843576461891301e-01 5.958674881817461744e-01 5.108504192711988967e-01 6.324625398913787944e-01 3.153789456856026518e-02
2.173987091260283222e-01 9.183627293462869323e-01 3.386524022264362221e-01 3.407857670903096103e-01 1.012027853978241243e-01 3.645536834100056023e-01 8.004875995124716148e-02 9.188659700628339921e-01 2.293770618306434361e-01 5.346641835201623172e-01
7.580001782149636824e-01 5.186683300239592898e-01 5.176213439249118808e-01 8.771667846073388786e-01 5.911672800457576926e-01 9.088863450909419051e-01 3.085899434495752436e-01 2.270938634686840985e-01 8.676521692914987982e-01 1.126498977084176012e-01
6.608294649567061363e-01 3.881979257314261966e-01 7.981494757043531285e-01 6.181816053061266469e-01 2.000291513485902284e-01 3.852755954494744284e-01 1.691731074041408212e-01 4.455241749186322764e-02 9.639500625236356868e-01 8.561018607440100681e-01
2.964986575553426595e-01 4.814950456486425390e-01 7.266953131062647842e-02 2.127887692392503860e-01 8.486769371298990006e-01 6.153131988611244552e-01 5.003985375969434157e-01 1.456695650881063564e-01 7.370490996359284619e-01 5.858410621121122874e-01
3.852879986686251756e-01 9.248863990737956620e-01 8.797962700379252654e-01 7.615917529345069825e-01 6.587420096811698045e-01 1.016780063925715183e-02 1.078332759935677343e-01 2.794662400737094599e-01 6.320621005081137334e-01 6.409237746563165583e-01
7.297219231865593736e-01 2.943566950867573251e-01 3.629810450531179011e-02 1.509692501633387307e-01 1.881250858141128024e-01 5.055360271711004660e-01 6.346629969125282544e-01 4.553443213201370243e-01 2.903645960182148489e-01 5.013122003950086780e-01
4.634884015787368305e-01 2.215387536594601858e-01 9.148302139811149702e-01 4.254924127881093421e-01 4.132618240165756296e-01 8.666876919468824436e-01 7.604183473971851681e-01 6.989023945896088996e-02 1.542025148549737157e-01 5.867615686268821129e-01
8.403951920700796219e-01 4.810463890108368501e-01 8.849036187494208061e-01 3.740632580766741766e-01 2.141356627553869796e-02 4.145225423974705503e-01 9.234983030344208199e-01 2.022717955139410329e-01 4.257091519914446565e-02 3.257567286930451722e-02
2.877094448450516762e-01 8.520017279554003009e-01 6.797145779784030672e-02 5.665725819782717609e-01 2.730198063154090082e-01 1.798665752782183658e-01 7.818572603464594151e-01 4.058996388912419206e-01 4.579824031153945096e-01 8.730926572036648015e-01
7.178792547659205159e-01 5.269834470647586366e-01 7.198847289447973807e-04 6.994165868426139854e-01 5.274453134983181357e-02 3.046662877862196250e-01 4.244535111957047357e-01 5.995172617789580327e-01 8.761214007444373397e-01 5.055133897433174983e-01
4.907728704812485132e-01 9.556956587229538114e-01 8.341093755261215215e-01 9.193347080398580617e-01 3.686876985581000188e-02 6.421092229853607725e-01 8.745837469849228052e-01 7.027282144791557883e-02 8.761908166730660863e-01 3.500724595035911157e-01
5.534960460493513201e-01 6.846000994004874940e-02 9.062274735140875004e-01 5.332711336661253299e-01 6.644749146244173232e-01 5.874653786763931462e-01 3.177602106119159497e-01 3.335321065562328879e-01 1.352692071140264574e-01 3.808748958616300362e-01
