0.473412 0.059523 0.361957 0.870203 0.680215 0.778074 0.176707 0.982131 0.006819 0.955122 0.517869 0.217552 0.524492 0.747862 0.049658 0.600001 0.406898 0.945979 0.225712 0.158518 0.831559 0.867871 0.799342 0.277680 0.940372 0.818761 0.183500 0.626797 0.728943 0.942893 0.806254 0.338675
0.565061 0.637595 0.065486 0.893783 0.439370 0.291796 0.192559 0.330851 0.961531 0.592852 0.482911 0.437818 0.813684 0.848902 0.190200 0.039918 0.082943 0.490644 0.488172 0.385056 0.261293 0.604260 0.492974 0.676583 0.129995 0.870221 0.164278 0.837336 0.062757 0.319309 0.625557 0.293387
0.810729 0.895085 0.866133 0.841920 0.615855 0.721496 0.151742 0.000455 0.671775 0.902417 0.571976 0.676799 0.072267 0.914030 0.704161 0.196192 0.083135 0.563709 0.709224 0.222246 0.794512 0.283862 0.772301 0.354533 0.586015 0.643904 0.313203 0.713173 0.588383 0.444680 0.734741 0.825504
0.231237 0.850427 0.905892 0.631593 0.703415 0.173973 0.450669 0.669768 0.655881 0.275896 0.320275 0.639880 0.618013 0.911436 0.578691 0.733619 0.320556 0.028776 0.288493 0.114995 0.036036 0.430452 0.521965 0.144404 0.940358 0.822285 0.916002 0.960465 0.207423 0.500945 0.710531 0.015147
0.879196 0.825006 0.585338 0.829484 0.158270 0.163870 0.237049 0.027313 0.916155 0.066682 0.127655 0.188098 0.166138 0.637138 0.583631 0.645647 0.787115 0.011475 0.949092 0.282503 0.833724 0.683289 0.298351 0.810287 0.640905 0.295741 0.334075 0.912869 0.589297 0.872106 0.366698 0.933138
0.375645 0.566716 0.319040 0.448827 0.671642 0.574564 0.094240 0.000771 0.452281 0.179417 0.818403 0.951411 0.782128 0.285963 0.426298 0.603741 0.860621 0.484042 0.362217 0.086608 0.622932 0.525100 0.620669 0.021776 0.694619 0.009798 0.349835 0.766579 0.996578 0.073254 0.299666 0.999861
0.749291 0.404936 0.862034 0.136368 0.327114 0.745090 0.709252 0.153204 0.876997 0.767718 0.030858 0.790334 0.551296 0.058581 0.491761 0.959395 0.615295 0.747438 0.942125 0.337178 0.817077 0.869558 0.868239 0.832258 0.761757 0.720735 0.765355 0.593896 0.502231 0.373265 0.580255 0.513555
0.956676 0.099667 0.094179 0.981910 0.338711 0.337244 0.736263 0.376206 0.417945 0.902085 0.046442 0.800025 0.080990 0.696620 0.784297 0.199735 0.480086 0.054381 0.026955 0.335259 0.708168 0.943029 0.323712 0.372629 0.602709 0.372996 0.919767 0.588001 0.999879 0.452211 0.874116 0.587355
0.727930 0.223710 0.785128 0.972918 0.740064 0.181935 0.434750 0.458888 0.806500 0.381243 0.606788 0.078776 0.738045 0.885957 0.673187 0.363424 0.440462 0.036417 0.768656 0.481608 0.360915 0.500958 0.539294 0.126722 0.571276 0.748526 0.772620 0.358569 0.161042 0.031659 0.782957 0.556064
0.291623 0.881783 0.509048 0.192055 0.818376 0.831737 0.660696 0.547898 0.707583 0.997767 0.181862 0.683097 0.784501 0.899693 0.650350 0.308226 0.390295 0.123189 0.789328 0.594001 0.076320 0.652192 0.128721 0.634819 0.335417 0.340874 0.794706 0.331908 0.533861 0.359623 0.696462 0.575983
0.725900 0.364664 0.688569 0.485579 0.194696 0.147543 0.026797 0.744708 0.280472 0.897529 0.849610 0.421930 0.693788 0.566761 0.867123 0.541740 0.668535 0.530998 0.634919 0.768830 0.933398 0.974962 0.704334 0.058051 0.820667 0.792726 0.494717 0.590876 0.724305 0.118429 0.653808 0.036104
0.240289 0.022274 0.344134 0.169732 0.236523 0.142345 0.183701 0.425788 0.488905 0.940804 0.654124 0.521874 0.034781 0.743123 0.635396 0.836443 0.363229 0.809661 0.951087 0.315851 0.445783 0.925475 0.484920 0.668710 0.392111 0.091218 0.393940 0.720653 0.331921 0.850812 0.266602 0.849314
0.566640 0.969130 0.380412 0.679411 0.349952 0.730187 0.842810 0.304619 0.006219 0.518129 0.902129 0.550941 0.940385 0.069818 0.234606 0.247029 0.411566 0.141178 0.161419 0.757052 0.176729 0.691857 0.153256 0.837295 0.237613 0.611257 0.179173 0.028993 0.672244 0.372378 0.141910 0.174775
0.884875 0.717167 0.294549 0.445657 0.209251 0.418511 0.131812 0.296568 0.403217 0.846084 0.517439 0.001288 0.538337 0.003357 0.061984 0.641666 0.506926 0.258042 0.097268 0.495929 0.068981 0.440423 0.188955 0.166140 0.849007 0.252950 0.720522 0.011825 0.782055 0.288773 0.938392 0.177783
0.042503 0.575961 0.926781 0.633250 0.821596 0.377328 0.581121 0.015534 0.620398 0.331615 0.808499 0.479074 0.193549 0.465739 0.362279 0.200262 0.019708 0.063984 0.347867 0.271551 0.532497 0.557718 0.376765 0.224833 0.958243 0.502494 0.108684 0.020145 0.339980 0.148434 0.556914 0.837309
0.370975 0.830123 0.961486 0.506333 0.350854 0.088507 0.929097 0.529888 0.014725 0.826612 0.619490 0.066771 0.291010 0.178033 0.671954 0.254697 0.947509 0.585625 0.162062 0.148573 0.831626 0.951079 0.466009 0.113652 0.054867 0.054500 0.182899 0.403993 0.955152 0.907573 0.754657 0.628417
0.025063 0.793151 0.511192 0.758363 0.301146 0.738706 0.048313 0.980742 0.043127 0.759085 0.062076 0.459595 0.175880 0.766230 0.695375 0.666401 0.395883 0.130252 0.178006 0.080991 0.597427 0.233938 0.514097 0.894560 0.910607 0.824798 0.788444 0.315768 0.707373 0.049918 0.415874 0.208414
0.371188 0.772668 0.093537 0.731626 0.354851 0.412316 0.012568 0.412866 0.441674 0.866866 0.925847 0.958082 0.232025 0.970066 0.330234 0.211273 0.634322 0.470274 0.558395 0.595335 0.024864 0.441078 0.722304 0.518588 0.309597 0.642706 0.393768 0.945620 0.764379 0.980686 0.978661 0.078272
0.571217 0.387810 0.087099 0.836251 0.164074 0.438897 0.474013 0.770488 0.612087 0.027625 0.401001 0.368220 0.624519 0.380248 0.819973 0.936163 0.260208 0.834228 0.775134 0.194497 0.735741 0.519286 0.468445 0.653588 0.441609 0.808486 0.226547 0.163031 0.118764 0.536828 0.450767 0.586723
0.793947 0.064957 0.517206 0.135848 0.201794 0.900165 0.916783 0.576338 0.971842 0.403863 0.436369 0.705202 0.031751 0.311109 0.103155 0.644620 0.999188 0.341643 0.621855 0.524277 0.333038 0.047035 0.459410 0.034666 0.992633 0.182808 0.882484 0.945547 0.991730 0.030984 0.413394 0.261484
0.753703 0.375107 0.879182 0.499799 0.525782 0.745333 0.541698 0.004439 0.571192 0.765276 0.258420 0.573941 0.702396 0.198048 0.161677 0.987569 0.567098 0.197824 0.251346 0.557858 0.592445 0.410579 0.082161 0.797544 0.843509 0.578746 0.947978 0.495095 0.102367 0.623060 0.193423 0.067616
0.891347 0.009792 0.785505 0.653784 0.899766 0.502188 0.834180 0.271000 0.730196 0.512663 0.294585 0.958162 0.959047 0.972746 0.303929 0.730396 0.712613 0.678036 0.404499 0.688680 0.263564 0.009468 0.332686 0.967247 0.129140 0.955419 0.630374 0.620601 0.535240 0.459866 0.970359 0.658516
0.437169 0.394400 0.756075 0.928533 0.447945 0.948747 0.782751 0.786955 0.467711 0.330256 0.326435 0.008952 0.254017 0.796008 0.077954 0.770483 0.311324 0.312480 0.088548 0.052435 0.983500 0.115726 0.585831 0.092696 0.549464 0.842854 0.888149 0.939776 0.778774 0.436035 0.034799 0.591044
0.300623 0.442305 0.976676 0.591054 0.532622 0.812109 0.834450 0.025333 0.102950 0.881192 0.182732 0.870604 0.917081 0.788853 0.481710 0.875631 0.295264 0.834056 0.290880 0.800636 0.305003 0.444607 0.963342 0.437173 0.123254 0.630402 0.936128 0.269454 0.732010 0.527508 0.663938 0.985896
0.794043 0.491880 0.073129 0.358555 0.919549 0.588822 0.386701 0.854045 0.947549 0.898243 0.312046 0.338697 0.614818 0.795448 0.800313 0.374812 0.746570 0.267770 0.625065 0.891587 0.242350 0.241078 0.868774 0.475491 0.780709 0.037247 0.279631 0.122146 0.443908 0.239907 0.264552 0.430562
0.834212 0.843175 0.810024 0.739881 0.061794 0.856361 0.497714 0.020254 0.731014 0.134809 0.715222 0.609009 0.630190 0.727826 0.214918 0.225863 0.106369 0.915383 0.107792 0.586909 0.756695 0.187746 0.255258 0.611914 0.252958 0.773491 0.588781 0.433357 0.134861 0.785264 0.859457 0.606168
0.021000 0.619629 0.093843 0.735420 0.595968 0.923667 0.312367 0.197775 0.375237 0.563639 0.558513 0.514609 0.456715 0.679578 0.396098 0.714937 0.434172 0.011972 0.764550 0.129735 0.328583 0.710842 0.564066 0.844957 0.385919 0.765956 0.885411 0.211455 0.057047 0.282558 0.007168 0.672649
0.055937 0.208547 0.284366 0.504634 0.884633 0.712661 0.305438 0.968764 0.607161 0.260910 0.704259 0.137739 0.117784 0.568363 0.530337 0.651857 0.675589 0.750368 0.339118 0.345727 0.961898 0.289948 0.077218 0.563179 0.575997 0.263696 0.101659 0.916848 0.457303 0.870671 0.290315 0.492885
0.778175 0.505877 0.463705 0.685424 0.694858 0.614031 0.725005 0.119651 0.909704 0.228416 0.376029 0.093486 0.428440 0.520884 0.523458 0.285066 0.227898 0.511491 0.540738 0.355743 0.478280 0.268552 0.624467 0.953736 0.675788 0.313327 0.221112 0.841373 0.082122 0.284859 0.680035 0.487190
0.664192 0.613490 0.418770 0.681375 0.229425 0.825029 0.145494 0.608765 0.452798 0.236331 0.509919 0.855069 0.133536 0.516155 0.969722 0.325682 0.786244 0.046731 0.155913 0.010709 0.298911 0.624457 0.759881 0.181805 0.604269 0.451469 0.746906 0.717905 0.935399 0.754320 0.098634 0.133393
0.501512 0.895148 0.379598 0.732106 0.927227 0.603995 0.222472 0.583575 0.037127 0.313212 0.707774 0.066694 0.856546 0.580086 0.924735 0.004071 0.679981 0.963542 0.456033 0.648253 0.933155 0.001752 0.043958 0.081418 0.915872 0.774558 0.657842 0.900637 0.485910 0.345993 0.268439 0.871260
0.227002 0.005294 0.282444 0.333497 0.306453 0.673712 0.435873 0.313125 0.324556 0.603877 0.815670 0.502787 0.583882 0.536140 0.390490 0.816833 0.592813 0.854354 0.870769 0.624971 0.959387 0.257449 0.264440 0.055715 0.501094 0.407031 0.396646 0.899552 0.156232 0.058043 0.777388 0.134635
0.822952 0.903945 0.046681 0.985850 0.141779 0.936250 0.742739 0.480132 0.672175 0.296691 0.645574 0.318096 0.272493 0.594694 0.024120 0.324418 0.531752 0.733392 0.691668 0.906494 0.635996 0.830439 0.885218 0.031583 0.025826 0.050978 0.228546 0.398107 0.040930 0.848161 0.847750 0.113577
0.542176 0.471205 0.219230 0.253141 0.670759 0.223955 0.702263 0.584653 0.302064 0.439267 0.323854 0.274141 0.309523 0.289700 0.043916 0.145548 0.058569 0.802286 0.482447 0.221401 0.151900 0.752304 0.353646 0.841285 0.070597 0.784540 0.285891 0.655100 0.507451 0.859357 0.014907 0.087551
0.508926 0.793637 0.050566 0.266339 0.802122 0.866622 0.918657 0.450880 0.311193 0.483331 0.408264 0.635629 0.621097 0.223458 0.679452 0.451420 0.295685 0.632089 0.774042 0.710111 0.079417 0.711076 0.635094 0.952615 0.532117 0.544263 0.928004 0.542190 0.340258 0.446519 0.581648 0.042479
0.696154 0.836338 0.367596 0.305673 0.122230 0.830567 0.830162 0.406635 0.829638 0.385682 0.745596 0.391266 0.311635 0.007403 0.827578 0.334251 0.462317 0.186472 0.375637 0.416976 0.028500 0.929922 0.623634 0.129114 0.348859 0.496882 0.396291 0.956619 0.860957 0.502879 0.350098 0.070775
0.007912 0.925944 0.128632 0.636167 0.787516 0.709590 0.962916 0.327924 0.351571 0.739493 0.893556 0.700126 0.367816 0.222275 0.943057 0.142589 0.441468 0.929679 0.804466 0.519835 0.321696 0.637377 0.357777 0.963557 0.948869 0.096847 0.146044 0.217272 0.556023 0.163911 0.804746 0.682341
0.130867 0.997739 0.755505 0.535997 0.176801 0.871205 0.501748 0.525073 0.050019 0.535387 0.095453 0.688286 0.111872 0.757958 0.453504 0.388022 0.175409 0.700214 0.782983 0.272746 0.946081 0.671830 0.763924 0.284706 0.169605 0.090367 0.065288 0.076865 0.295513 0.029145 0.540466 0.110464
0.399993 0.435051 0.380125 0.280251 0.114380 0.369871 0.732467 0.301971 0.715300 0.692059 0.042479 0.510387 0.956086 0.774087 0.585882 0.257014 0.501499 0.314356 0.400605 0.117435 0.326309 0.120561 0.956726 0.560217 0.539997 1.038596 0.081966 0.074285 0.213128 0.574318 0.853212 0.434331
0.640566 0.229911 0.525391 0.420641 0.494287 0.784196 0.412130 0.990836 0.279181 0.254828 0.399654 0.590339 0.444973 0.447400 0.049438 0.287455 0.258732 0.252329 0.474813 0.585976 0.519654 0.896106 0.103674 0.957056 0.538497 0.628548 0.406215 0.911477 0.361675 0.121877 0.649961 0.291190
0.163833 0.687061 0.373831 0.250399 0.097508 0.437502 1.002943 0.363550 0.851644 0.734429 0.923801 0.238850 0.393222 1.041987 0.909015 0.400183 0.046458 0.625105 0.856110 0.169954 0.177164 0.388801 0.482502 0.287726 0.826600 0.815158 0.334802 0.082973 0.680216 0.597619 0.475505 0.127637
0.451324 0.537543 0.921795 0.656734 0.779379 0.236157 0.217205 0.045367 0.168306 0.518619 0.343958 0.054004 0.901926 0.322151 1.011786 0.310695 0.543002 0.044205 0.299270 0.794966 0.077034 0.736922 0.521055 0.830184 0.462427 0.561866 0.954666 0.418967 0.089913 0.613762 0.175770 0.049322
0.094967 0.911018 0.663458 0.262767 0.552837 0.456067 0.355159 0.315842 0.100971 0.285712 0.056377 0.871893 0.021976 0.805640 0.232709 0.270468 0.694166 0.509444 0.958821 0.406938 0.211528 0.111677 0.730747 0.373450 0.074315 0.244597 0.499294 0.288023 0.970524 0.732306 0.682792 0.128770
0.286709 0.685699 0.101567 0.534497 0.083240 0.310167 0.353436 0.308533 0.367290 0.527274 0.042212 0.955573 0.583814 0.213376 0.379584 0.508122 0.213595 0.095534 0.993634 0.229983 0.209213 0.515919 0.805234 0.536093 0.341672 0.880918 0.027946 0.755611 0.691839 0.370409 0.664716 0.334768
0.465850 0.896020 0.520725 0.175394 0.916760 0.483293 0.320165 0.946565 0.961703 0.544635 0.042864 0.610219 0.753431 0.523735 0.736150 0.826579 0.913995 0.781846 0.150571 0.094359 0.588047 0.234595 0.789066 0.839447 0.319124 0.552150 0.711695 0.651984 0.444164 0.548152 0.920648 0.451499
0.233661 0.570067 0.475118 0.807508 0.745909 0.582565 0.438410 0.149242 0.530457 0.480589 0.206599 0.373277 0.594893 0.179298 0.946223 0.834714 0.312034 0.620264 0.868898 0.773313 0.181955 0.515249 0.034074 0.630604 0.697270 0.096928 0.524989 0.284939 0.727195 0.897424 0.996652 0.981995
0.279308 0.090243 0.767972 0.330658 0.887119 0.832834 0.390153 0.227742 0.253861 0.011401 0.982876 0.396084 0.198902 0.528002 0.083132 0.514276 0.455286 0.032606 0.825392 0.096146 0.115224 0.890034 0.161537 0.652190 0.999644 0.142677 0.949450 0.680892 0.748161 0.411064 0.052274 0.772343
0.209689 0.177765 0.736656 0.949464 0.723322 0.251032 0.659396 0.777997 0.795377 0.556443 0.182232 0.472218 0.511997 0.857131 0.559124 0.390948 0.156297 0.525174 0.315938 0.382041 0.430964 0.472491 0.027797 0.789904 0.998325 0.678106 0.991737 0.655398 0.158281 0.034428 0.222420 0.859365
0.480930 0.920243 0.402598 0.690559 0.664354 0.571536 0.914257 0.040301 0.092298 0.104766 0.535280 0.074508 0.124887 0.867189 0.219498 0.881375 0.067061 0.134137 0.274875 0.791986 0.921689 0.512553 0.460774 0.025804 0.656377 0.474386 0.814676 0.477643 0.631182 0.413546 0.064458 0.415995
0.272973 0.155322 0.390990 0.082693 0.082760 0.360284 0.457448 0.549478 0.100144 0.879941 0.452293 0.760601 0.491407 0.899384 0.465243 0.513762 0.295542 0.487447 0.499346 0.243582 0.825759 0.516353 0.723789 0.683865 0.234340 0.362028 0.640304 0.167433 0.234686 0.693272 0.245531 0.195732
0.310653 0.259894 0.241611 0.405467 0.229548 0.226169 0.369463 0.297990 0.717603 0.123193 0.281775 0.678039 0.376860 0.419520 0.041350 0.451394 0.575486 0.117053 0.924318 0.995032 0.537217 0.843053 0.264139 0.206113 0.442681 0.463219 0.768094 0.257589 0.910441 0.464752 0.465468 0.277326
0.492502 0.341288 0.849278 0.796426 0.495513 0.430977 0.257576 0.944064 0.382131 0.866601 0.596933 0.335593 0.828950 0.069993 0.480204 0.075821 0.393106 0.112232 0.043216 0.247197 0.640626 0.569137 0.189515 0.691350 0.767554 0.515747 0.077364 0.478219 0.158636 0.827516 0.091349 0.500430
0.901726 0.251987 0.785449 0.169125 0.733174 0.771635 0.850997 0.880553 0.810495 0.378616 0.598611 0.962072 0.957765 0.771130 0.621277 0.816321 0.394562 0.090345 0.859755 0.319490 0.729476 0.134074 0.800976 0.953811 0.137146 0.374440 0.827680 0.520552 0.787354 0.944083 0.256649 0.206032
0.595253 0.055990 0.789008 0.968863 0.272311 0.899721 0.760745 0.348299 0.833411 0.928542 0.564946 0.330827 0.029035 0.908957 0.873500 0.275589 0.449409 0.363181 0.004441 0.823294 0.205254 0.031384 0.575647 0.920367 0.277943 0.927441 0.360716 0.326451 0.613890 0.958402 0.116991 0.274696
0.268367 1.044074 0.560049 0.301628 0.829929 0.964132 0.709970 0.526045 0.895868 0.881922 0.125101 0.772176 0.681456 0.716330 0.299088 0.876944 0.216401 0.174399 0.938415 0.191551 0.634348 0.094470 0.826622 0.981754 0.160391 0.929779 0.732752 0.422143 0.856882 0.938906 0.154590 0.641526
0.185706 0.493360 0.138596 0.876571 0.363348 0.380828 0.627380 0.911606 0.098414 0.664546 0.199490 0.823743 0.900091 0.682637 0.360432 0.832635 0.196787 0.461384 0.415237 0.071812 0.542298 0.385972 0.720138 0.835051 0.266114 0.185388 0.117451 0.971899 0.991713 0.596811 0.553644 0.543262
0.505135 0.590473 0.964503 0.781610 0.406901 0.518362 0.676936 0.746296 0.079604 0.760984 0.764287 0.835718 0.626451 0.224382 0.722633 0.896727 0.057608 0.144299 0.504143 0.142180 0.938894 0.504104 0.757332 0.168877 0.328682 0.786740 0.852241 0.762431 0.452002 0.895387 0.244739 0.038290
0.546285 0.636292 0.135243 0.450820 0.592614 0.706290 0.284088 0.424102 0.576100 0.775495 0.183232 0.979033 0.763480 0.799956 0.160015 0.066549 0.208502 0.780406 0.492324 0.811268 0.959159 0.763732 0.589857 0.521040 0.277432 0.722182 0.702252 0.009308 0.095214 0.875112 0.585895 0.231115
0.214679 0.774317 0.746269 0.467936 0.553997 0.506958 0.855358 0.639778 0.558420 0.434718 0.768042 0.748040 0.126578 0.865887 0.970739 0.559774 1.032462 0.919802 0.090045 0.714306 0.931114 0.426586 0.820852 1.037611 0.180700 0.107319 0.967368 0.687461 0.603241 0.622489 0.898137 0.486331
0.663763 0.130665 0.390111 0.438023 0.196379 0.349050 0.537611 0.057545 0.826309 0.136746 0.918660 0.944848 0.615188 0.726803 0.353902 0.854820 0.871785 0.765554 0.927702 0.431452 0.894022 0.220895 0.608682 0.678569 0.613682 0.552700 0.963627 0.614911 0.965090 0.780180 0.240396 0.846162
0.799282 0.102690 0.510802 0.987999 0.838386 0.784721 0.663458 0.804424 0.639529 0.936948 0.400835 0.790846 0.400484 0.333754 0.548548 0.207433 0.455366 0.221604 0.962546 0.013950 0.223348 0.539274 0.745566 0.899674 0.207616 0.233070 0.654850 0.054653 0.391444 0.480990 0.541044 0.069626
0.909312 0.294800 0.898757 0.387059 0.000587 0.531267 0.646248 0.842603 0.300270 0.735378 0.046269 0.777943 0.349605 0.732067 0.462449 0.072134 0.149080 0.590452 0.291841 0.886551 0.302635 0.736000 0.172916 0.304271 0.709227 0.423894 0.886757 0.014622 0.636388 0.775939 0.269274 0.509598
0.354190 0.909283 0.006318 0.256562 0.214198 0.788429 0.025422 0.512635 0.980307 0.824318 0.238111 0.052360 0.731127 0.428659 0.796495 0.700841 0.943500 0.434275 0.855933 0.302996 0.921028 0.220241 0.008312 0.854408 0.924724 0.328244 0.662799 0.540304 0.817250 0.311573 0.344429 0.547260
0.775195 0.648750 0.290089 0.752618 0.276071 0.327780 0.759328 0.165281 0.126557 0.037651 0.002783 0.887677 0.141771 0.774307 0.719392 0.498438 0.779057 0.189687 0.604539 0.365747 0.342503 0.907959 0.681162 0.220488 0.194996 0.856422 0.244116 0.674570 0.260727 0.929523 0.740693 0.853877
0.138457 0.901961 0.657942 0.052032 0.681656 0.916153 0.165949 0.283893 0.524026 0.720731 0.137657 0.373834 0.562599 0.998819 0.817397 0.947772 0.470778 0.148831 0.997960 0.367236 0.900101 0.093000 0.456780 0.710059 0.332449 0.934773 0.699275 0.860780 0.861144 0.689796 0.738210 0.949414
0.338395 0.513922 0.103628 0.018571 0.440936 0.620940 0.518538 0.485611 0.212679 0.693515 0.604267 0.651067 0.015642 0.327559 0.648797 0.010393 0.494078 0.859586 0.885478 0.555925 0.723988 0.830414 0.645085 0.160324 0.922597 0.049331 0.837466 0.618277 0.261026 0.783932 0.307644 0.058985
0.893289 0.854714 0.699101 0.846081 0.460083 0.942585 0.578026 0.688726 0.152634 0.147576 0.754717 0.503277 0.652339 0.371099 0.472576 0.311714 0.267105 0.356485 0.203584 0.724506 0.313466 0.941848 0.738680 0.115278 0.202981 0.514537 0.771857 0.563502 0.079708 0.389101 0.650467 0.915289
0.536628 0.622646 0.240444 0.029681 0.680059 0.483172 0.381250 0.140538 0.537539 0.111505 0.658554 0.662523 0.745077 0.825911 0.475342 0.812061 0.577879 0.206190 0.105411 0.389657 0.809978 0.173965 0.011212 0.490265 0.454027 0.823341 0.432264 0.479281 0.683340 0.058798 0.924026 0.810153
0.458672 0.854102 0.083398 0.491026 0.499504 0.915794 0.313278 0.176447 0.854930 0.678731 0.878951 0.186706 0.219006 0.052514 0.356157 0.142755 0.001677 0.792154 0.650174 0.138278 0.177732 0.707302 0.389073 0.764175 0.362119 0.595672 0.523380 0.679308 0.870402 0.880151 0.784817 0.039483
0.638483 0.356272 0.804806 0.318353 0.347784 0.670097 1.024195 0.500706 0.640450 0.116251 0.149218 0.577834 0.850358 0.400480 0.588598 0.451047 0.408576 0.631308 0.476297 0.247835 0.687768 0.494606 1.062526 0.704749 0.993254 0.232147 0.989598 0.682988 0.357158 0.087206 0.185268 0.456225
0.532097 0.883953 0.917717 0.051453 0.616259 0.223723 0.834927 0.610913 0.095234 0.589981 0.485105 0.923982 0.446495 0.383378 0.040719 0.968179 0.788709 0.568341 0.917928 0.626097 0.629289 0.028198 0.206085 0.762579 0.372423 0.858550 0.718394 0.724101 0.172270 0.923947 0.604737 0.047159
0.111780 0.848065 0.082383 0.913854 0.954178 0.858878 0.564939 0.526197 0.389959 0.182923 0.784931 0.714830 0.003349 0.388112 0.864029 0.551506 0.123423 0.202387 0.942722 0.685048 0.804337 0.956240 0.203141 0.287987 0.544457 0.926557 0.652294 0.578737 0.268815 0.645592 0.210540 0.125883
0.020922 0.695013 0.333499 0.172500 0.200274 0.440273 0.596883 0.713780 0.316080 0.591767 0.478309 0.755800 0.884628 0.206702 0.249573 0.675706 0.774231 0.730988 0.308122 0.525502 0.083541 0.420846 0.228816 0.361289 0.343316 0.907074 0.115940 0.906902 0.986207 0.362643 0.294933 0.505595
0.343581 0.112360 0.349376 0.185750 0.564857 0.340279 0.135567 0.660526 0.725197 0.246693 0.534703 0.130314 0.198691 0.272827 0.583484 0.672544 0.589987 0.140300 0.537866 0.597136 0.221509 0.396514 0.927623 0.189365 0.946107 0.418008 0.028258 0.534713 0.735690 0.927969 0.871826 0.328106
0.793416 0.157314 0.971312 0.617873 0.565870 0.088071 0.222442 0.253704 0.397176 0.613149 0.959550 0.247320 0.089468 0.036311 0.949274 0.977687 0.269484 0.981680 0.643129 0.212612 0.496320 0.914660 0.751826 0.039977 0.293427 0.394243 0.184628 0.125153 0.403695 0.199601 0.371839 0.648617
0.646136 0.269294 0.202420 0.945679 0.716482 0.624608 0.153544 0.634412 0.765405 0.362329 0.118231 0.450720 0.991723 0.822666 0.338724 0.108181 1.038080 0.350040 0.167883 0.635384 0.102610 0.946840 1.071091 0.996358 0.604968 0.792953 0.374642 0.689237 0.730089 0.685443 0.803786 0.238013
0.218088 0.391601 0.416259 0.299246 0.092606 0.433021 0.687631 0.014908 0.720951 0.365348 0.662942 0.932263 0.491202 0.458290 0.260217 0.625847 0.189565 0.056304 0.632059 0.027063 0.969774 0.036669 0.201176 0.342020 0.638344 0.982134 0.139429 0.952594 0.905917 0.662985 0.588659 0.378047
0.365365 0.259857 0.467635 0.235837 0.097513 0.019354 0.004831 0.499746 0.199708 0.460200 0.280150 0.473170 0.390600 0.068764 0.183036 0.215801 0.516108 0.964588 0.563007 0.881762 0.521983 0.098624 0.227716 0.274837 0.921175 0.239574 0.499448 0.820470 0.336329 0.295592 0.807070 0.338717
0.120480 0.220630 0.456466 0.775056 0.973605 0.079329 0.280175 0.921601 0.357416 0.683101 0.192524 0.193839 0.909644 0.537832 0.169681 0.146713 0.867125 0.406079 0.254889 0.496701 0.482767 0.337257 0.082542 0.530180 0.192207 0.151166 0.164793 0.608420 0.386602 0.949680 0.388235 0.029259
0.779810 0.287714 0.371012 0.746008 0.685257 0.409600 0.827198 0.368511 0.208354 0.271113 0.035836 0.854591 0.297550 0.026826 0.465813 0.948605 0.187485 0.961742 0.017825 0.575590 0.000419 0.004025 0.639290 0.785283 0.505253 0.860025 0.196896 0.685569 0.625506 0.098653 0.985613 0.622108
0.635533 0.587602 0.286890 0.855776 0.310281 0.771345 0.208523 0.376649 0.867045 0.357835 0.341923 0.447766 0.491188 0.661297 0.249613 0.559039 0.767500 0.376601 0.755040 0.615010 0.295180 0.270968 0.692128 0.722537 0.912726 0.717879 0.072104 0.223207 0.463560 0.244072 0.059163 0.737524
0.705882 0.510665 0.525539 0.965540 0.343290 0.509372 0.381106 0.927218 0.015573 0.252924 0.777725 0.783237 0.934364 0.856302 0.617069 0.177173 0.804191 0.604430 0.341783 0.536517 0.758274 0.133792 0.724908 0.759837 0.118796 0.487680 0.706631 0.322617 0.162251 0.249262 0.161717 0.012838
0.149608 0.168278 0.650130 0.944099 0.901295 0.968510 0.787554 0.335334 0.384007 0.626766 0.249967 0.695756 0.272916 0.160147 0.382713 0.354638 0.240248 0.326561 0.783564 0.936356 0.784135 0.891652 0.417788 0.309879 0.970128 0.465594 0.832511 0.844720 0.068122 0.445198 0.427127 0.864963
0.519339 0.098892 0.659116 0.658969 0.223946 0.157223 0.427410 0.634005 0.043446 0.077911 0.154029 0.002455 0.437373 0.928845 0.079072 0.452458 0.866693 0.085975 0.087815 0.155141 0.931910 0.532724 0.867165 0.697234 0.061426 0.551903 0.749920 0.504617 0.650605 0.731158 0.251953 0.393939
0.608551 0.911477 0.995181 1.005187 0.240721 0.639192 0.436429 0.587116 0.512051 0.105168 0.980933 0.245322 0.352181 0.304661 0.557125 0.021781 0.590655 0.820968 0.485552 0.758732 0.242781 0.814467 0.656963 0.145645 0.875230 0.553136 0.644812 0.676777 0.371408 0.111950 0.300624 0.532873
0.992747 0.149614 0.249505 0.923718 0.494412 0.551202 0.241165 0.678196 0.367344 0.731589 0.538137 0.203365 0.075604 0.308208 0.646943 0.043901 0.599705 0.681287 0.457195 0.356460 0.733573 0.411365 0.382336 0.540419 0.277577 0.706868 0.720668 0.941585 0.483573 0.117531 0.527800 0.495077
0.610273 0.686190 0.118578 0.263767 0.322971 0.277152 0.105383 0.363739 0.427612 0.513419 0.809562 0.880233 0.174937 0.410473 0.012306 0.688734 0.403148 0.920387 0.222834 0.764567 0.778527 0.457261 0.010408 0.699018 0.311775 0.911667 0.382454 0.705228 0.927955 0.600825 0.587722 0.599579
0.770664 0.654410 0.893724 0.181821 0.220434 0.488647 0.629709 0.907577 0.880655 0.145816 0.512102 0.882572 0.879012 0.459446 0.679026 0.583494 0.137101 0.241936 0.266024 0.154511 0.627305 0.601373 0.537627 0.736236 0.497847 0.791523 0.399882 0.523100 0.912481 0.592613 0.442881 0.665347
0.934977 0.911588 0.492944 0.886368 0.288370 0.729217 0.934869 0.173816 0.074794 0.560094 0.937235 0.653740 0.810510 0.264933 0.060603 0.448064 0.764355 0.265282 0.786826 0.716005 0.914513 0.056078 0.357291 0.148328 0.140282 0.373573 0.295693 0.433682 0.949279 0.923221 0.664324 0.093946
0.594388 0.960994 0.665488 0.027874 0.093155 0.694720 0.716679 0.886376 0.880019 0.527304 0.117633 0.287055 0.456332 0.185209 0.539967 0.879787 0.359037 0.939157 0.657809 0.905744 0.684951 0.635770 0.758990 0.389858 0.954738 0.599143 0.125346 0.980095 0.276069 0.043112 0.940757 0.437173
0.368329 0.825571 0.004981 0.444951 0.198268 0.576469 0.885405 0.144598 0.957075 0.410486 0.771261 0.354041 0.125642 0.173183 0.505546 0.500198 0.666205 0.894529 0.616462 0.724164 0.754518 0.120128 0.332766 0.982924 0.234332 0.344668 0.720489 0.769620 0.423101 0.500127 0.749313 0.119019
0.413967 1.038754 0.913265 1.053757 0.216338 0.457280 0.543128 0.153763 0.072074 0.926482 0.729318 0.168598 0.147065 0.396794 0.591178 0.488884 0.075413 0.384775 0.035232 0.249050 0.518161 0.746869 1.077379 0.970654 0.481223 0.858725 0.449146 0.544298 0.165514 0.722317 0.107534 0.187570
0.023721 0.408603 0.532652 0.583935 0.331140 0.824714 0.307836 0.395677 0.695741 0.724780 0.562593 0.121598 0.630748 0.908290 0.610351 0.668406 0.853421 0.611406 0.319933 0.939705 0.801791 0.344920 0.627567 0.290561 0.503852 0.392326 0.398557 0.597787 0.360728 0.590673 0.167086 0.961201
0.152267 0.533309 0.729076 0.315493 0.935321 0.065708 0.977151 0.385712 0.657183 0.807985 0.936310 0.156069 0.520392 0.555948 0.419014 0.172904 0.691758 0.811642 0.336402 0.836368 0.035644 0.199891 0.301989 0.070721 0.598563 0.316821 0.389307 0.364527 0.103700 0.087239 0.585387 0.645273
0.895568 0.791450 0.556662 0.931242 0.916671 0.880926 0.267917 0.302785 0.414084 0.774545 0.490418 0.674167 0.821404 0.359561 0.446452 0.213326 0.123822 0.309082 0.391492 0.398081 0.827525 0.879010 0.198501 0.428967 0.688988 0.659916 0.185191 0.988981 0.741887 0.911808 0.621999 0.513101
0.572223 0.654172 0.661687 0.180030 0.124783 0.342533 0.133089 0.507877 0.875183 0.934874 0.014995 0.649330 0.939649 0.921000 0.030901 0.647847 0.603401 0.988707 0.084744 0.431583 0.385575 0.193996 0.336922 0.324599 0.956205 0.655669 0.696806 0.051800 0.237692 0.341425 0.879116 0.294159
0.396578 0.258633 0.945557 0.799684 0.147177 0.368360 0.876467 0.849513 0.516276 0.166436 0.469732 0.448217 0.642761 0.698323 0.443677 0.987337 0.699215 0.826616 0.081199 0.161171 0.839428 0.793077 0.645513 0.838863 0.975815 0.670265 0.240369 0.477772 0.672086 0.231715 0.565666 0.992946
0.552552 0.430768 0.194029 0.284220 0.341696 0.004750 0.927499 0.457343 0.895142 0.414584 0.346611 0.438595 0.416298 0.857427 0.736391 0.222426 0.259204 0.713663 0.892142 0.505969 0.801889 0.592454 0.055602 0.483251 0.151457 0.494091 0.426255 0.196705 0.456234 0.630698 0.528568 0.022040
0.248758 0.679519 0.241896 0.073212 0.720384 0.496874 0.783889 0.310851 0.896128 0.997630 0.775113 0.241127 0.568757 0.093060 0.205232 0.079431 0.878991 0.254188 0.148517 0.902380 0.171930 0.430446 0.994900 0.100344 0.659682 0.983460 0.421169 0.370928 0.498644 0.359284 0.251849 0.989441
0.390355 0.279077 0.116116 0.026504 0.629131 0.454079 0.551980 0.869022 0.732212 0.915880 0.142339 0.037548 0.118791 0.143345 0.558708 0.830760 0.815394 0.290808 0.412453 0.867087 0.440232 0.858554 0.722590 0.831795 0.933614 0.879088 0.949718 0.300123 0.058230 0.353049 0.732030 0.815590
0.421761 0.225799 0.258008 0.922393 0.601914 0.065862 0.314303 0.524971 0.993864 0.966033 0.251863 0.349387 0.424337 0.656442 0.083089 0.425999 0.504535 0.192653 0.191664 0.135886 0.497093 0.408932 1.003024 0.549352 0.893932 0.781007 1.004177 0.140126 0.905596 0.518159 0.179446 0.266880
0.702779 0.476296 0.398921 0.967860 0.676821 0.629002 0.707426 0.845774 0.128265 0.560385 0.203454 0.083243 0.862846 0.820522 0.327751 0.970825 0.683945 0.284822 0.213433 0.687969 0.969096 0.527617 0.631001 0.026391 0.576103 0.568007 0.908260 0.036073 0.498050 0.226947 0.482664 0.357697
0.671107 0.382890 0.176669 0.227262 0.588121 0.642263 0.711575 0.696265 0.203307 0.052298 0.093291 0.163083 0.110524 0.755968 0.410241 0.357754 0.008206 0.348272 0.502174 0.670142 0.961309 0.514828 0.370292 0.977606 0.250683 0.503285 0.359056 0.806239 0.396601 0.484805 0.755553 0.966344
0.358375 0.272173 0.366601 0.765398 0.668142 0.682623 0.144802 0.407042 0.432134 0.714693 0.664338 0.325525 0.296434 0.589165 0.530276 0.376972 0.687406 0.686786 0.793352 0.158186 0.967247 0.252757 0.733601 0.985877 0.026134 0.350122 0.325383 0.093797 0.169609 0.245627 0.007794 0.841742
0.481393 0.744333 0.509398 0.132287 0.788573 0.065569 0.987862 0.265582 0.733380 0.751084 0.879623 0.794236 0.055340 0.360811 0.261812 0.390889 0.163767 0.115995 0.866100 0.989017 0.162399 0.491428 0.074073 0.155112 0.078488 0.846061 0.863327 0.254420 0.869707 0.921431 0.707447 0.654364
0.901930 0.996030 0.076863 0.794417 0.378986 0.304776 0.128536 0.598249 0.855639 0.618914 0.853671 0.314871 0.862393 0.553494 0.583936 0.432193 0.037500 0.838023 0.269936 0.117602 0.782399 0.451774 0.197856 0.427041 0.844129 0.757844 0.075994 0.976339 0.659641 0.335687 0.133260 0.144127
0.032734 0.481420 0.263156 0.041750 0.433569 0.020710 0.808756 0.219075 0.634818 0.593376 0.159830 0.888169 0.865481 0.610062 0.154856 0.057656 0.608155 0.241532 0.687917 0.267736 0.538230 0.080065 0.213138 0.689157 0.476373 0.564979 0.378128 0.901889 0.596896 0.988371 0.186829 0.967839
0.194946 0.596335 0.556469 0.425338 0.750969 0.748893 0.638273 0.411911 0.549537 0.155297 0.185152 0.538819 0.258715 0.124210 0.278941 0.911351 0.752997 0.403302 0.834865 0.633106 0.207036 0.633971 0.617418 1.088089 0.956357 0.714990 0.800451 0.512283 0.796420 0.440366 0.111696 0.115654
0.663302 0.282012 0.322140 0.243585 0.159266 0.595672 0.907950 0.187934 0.827188 0.183064 0.492217 0.964308 0.707276 0.396765 0.573073 0.393723 0.216410 0.859298 0.841253 0.131727 0.597973 0.373823 1.078021 0.818883 0.791424 1.016903 0.937446 0.862039 0.578842 0.674576 0.002169 0.263844
0.580912 0.609861 0.329399 0.188102 0.755621 0.715433 0.150036 0.338334 0.930577 0.033368 0.104385 0.336445 0.847309 0.099147 0.799851 0.362436 0.910044 0.410310 0.860916 0.688096 0.115817 0.443147 0.697860 0.272485 0.517516 0.191207 0.235356 0.821170 0.426129 0.313367 0.353732 0.980153
0.675432 0.502482 0.759208 0.746392 0.413533 0.378426 0.745943 0.931051 0.706385 0.641622 0.160134 0.166875 0.042497 0.930251 0.256753 0.423244 0.984246 0.752954 0.625782 0.765454 0.948505 0.309483 0.273862 0.523858 0.388727 0.735671 0.304999 0.068606 0.611410 0.531561 0.791394 0.682789
0.228705 0.670927 0.282811 0.909275 0.050755 0.553826 0.221703 0.963255 0.156518 0.629075 0.295414 0.451936 0.062822 0.991685 0.331342 0.297569 0.251454 0.745012 0.665041 0.380630 0.222562 0.467527 0.295517 0.753365 0.561342 0.287741 0.308334 0.974019 0.918518 0.760559 0.191731 0.266431
0.644515 0.031167 0.761115 0.125147 0.601435 0.938921 0.800125 0.654881 0.157188 0.348253 0.813393 0.964226 0.724426 0.096501 0.984738 0.392743 0.069436 0.360645 0.599352 0.082964 0.116639 0.626985 0.204525 0.111300 0.331058 0.031952 0.034681 0.415325 0.359750 0.466466 0.068156 0.079503
0.215423 0.158422 0.130549 0.305865 0.285161 0.668591 0.019205 0.073285 0.039003 0.685438 0.881390 0.580176 0.116172 0.414620 0.181036 0.161323 0.850160 0.591953 0.706750 0.710754 0.293069 0.138453 0.075715 0.474510 0.070267 0.290027 0.824517 0.317398 0.010363 0.227105 0.530556 0.912281
0.667535 0.439227 0.186143 0.942069 0.620960 0.304614 0.079779 0.206751 0.375174 0.399826 0.150360 0.231148 0.776708 0.557340 0.100588 0.551470 0.276038 0.118381 0.234496 0.621247 0.226155 0.673170 0.924126 0.434598 0.007425 0.571496 0.742148 0.510715 0.408936 0.288160 0.097742 0.756237
0.856874 0.440470 0.853941 0.452028 0.176595 0.068933 0.318378 0.522203 0.426554 0.878542 0.805065 0.419531 0.319194 0.896945 0.094601 0.459009 0.649480 0.933268 0.668083 0.300220 0.569776 0.874390 0.989075 0.311302 0.085596 0.705995 0.802098 0.773122 0.041133 0.662186 0.575058 0.072317
0.375533 0.077003 0.962685 0.631759 0.095600 0.354278 0.165177 0.263315 0.301219 1.031162 0.515108 0.383950 0.560160 0.376981 0.316083 0.433682 0.968601 0.719062 0.450210 0.985548 0.722139 0.491088 0.275719 0.831212 0.202930 0.731712 0.261669 0.149744 0.265916 0.976934 0.212814 0.768971
0.801075 0.626602 0.744695 0.067149 0.547703 0.901720 0.103252 0.712837 0.506230 0.233610 0.458960 0.474590 0.188941 0.000066 0.817427 0.674290 0.117634 0.633332 0.574784 0.024878 0.671948 0.426434 0.572643 0.227980 0.261683 0.606477 0.010470 0.210693 0.980305 0.252838 0.544615 0.401971
0.898955 0.369307 0.462985 0.793899 0.116502 0.434466 0.643357 0.952550 0.367121 0.240992 0.813959 0.794520 0.497016 0.844770 0.394107 0.090029 0.313981 0.839353 0.731463 0.916791 0.072670 0.485853 0.813345 0.170090 0.817264 0.645129 0.759212 0.453133 0.355468 0.089626 0.082116 0.739424
0.069261 0.481341 0.290639 0.242600 0.457822 0.075857 0.845178 0.295648 0.889263 0.068255 0.110658 0.396212 0.026184 0.255028 0.013953 0.368216 0.369258 0.433280 0.389830 0.908136 0.030930 0.333374 0.248673 0.617344 0.270378 0.444144 0.556479 0.011865 0.303801 0.982116 0.616363 0.810204
0.734098 0.513706 0.765782 0.210771 0.846802 0.824211 0.726552 0.577535 0.978460 0.036238 0.277288 0.228608 0.295279 0.366313 0.157434 0.654624 0.678605 0.671411 0.949427 0.912091 0.839204 0.090798 0.163211 0.566587 0.771942 0.952512 0.906718 0.324146 0.924586 0.807780 0.303880 0.206445
0.627379 0.686348 0.859203 0.710638 0.184270 0.368642 0.171740 0.930572 0.510887 0.247242 0.379134 0.196177 0.139652 0.899152 0.704409 0.119034 0.999436 0.368518 0.530938 0.359726 0.669282 0.705226 0.583189 0.387412 0.557973 0.573463 0.519086 0.465333 0.667256 0.999676 0.102697 0.139736
0.244181 0.604550 0.074364 0.020756 0.054067 0.866547 0.002060 0.929605 0.397652 0.501154 0.027395 0.631609 0.127329 0.278834 0.881390 0.419471 0.390530 0.797135 0.349985 0.498088 0.387414 0.140274 0.263635 0.935026 0.125835 0.021945 0.832668 0.084678 0.999221 0.957520 0.344326 0.821865
0.868965 0.769452 0.443704 0.947718 0.315800 0.112350 0.650703 0.244816 0.944914 0.118974 0.461085 0.366262 0.368710 0.406517 0.292184 0.945446 0.206812 0.895311 0.311383 0.673784 0.341214 0.224276 0.966922 0.185507 0.124750 0.861593 0.648284 0.955501 0.452152 0.909810 0.492481 0.188120
0.493562 0.387296 0.017862 0.682223 0.395461 0.406745 0.635288 0.740011 0.955906 0.819779 0.680804 0.988839 0.963443 0.843381 0.095405 0.885393 0.156485 0.744017 0.236303 0.850148 0.328249 0.425343 0.616436 0.729505 0.605194 0.377759 0.608724 0.271745 0.304266 0.888888 0.920490 0.346630
0.290765 0.294066 0.438001 0.289983 0.872388 0.288315 0.454096 0.880112 0.773149 0.839635 0.700285 0.482650 0.553484 0.924251 0.605280 0.572278 0.743496 0.927065 0.502131 0.152230 0.761537 0.158282 0.794561 0.151917 0.399264 0.704658 0.751060 0.636657 0.403543 0.187613 0.585178 0.466437
0.619069 0.466558 0.436121 0.054742 0.772683 0.491101 0.377715 0.977783 0.188041 0.801895 0.178014 0.168322 0.909964 0.791057 0.093818 0.804658 0.005477 0.345436 0.461294 0.701748 0.632328 0.992138 0.210836 0.446829 0.606981 0.777375 0.984436 0.707706 0.988363 0.259485 0.305379 0.323345
0.718344 0.330826 0.432913 0.247400 0.898578 0.395189 0.148015 0.306626 0.165866 0.322268 0.471008 0.364174 0.485166 0.978064 0.131685 0.923528 0.416981 0.688473 0.471660 0.652567 0.705439 0.811713 0.621235 0.485460 0.827225 0.790569 0.843077 0.593424 0.273721 0.382339 0.071945 0.444324
0.385225 0.408703 0.111626 0.735565 0.689464 0.081532 0.301469 0.721721 0.290063 0.230210 0.265666 0.936456 0.457043 0.562547 0.787457 0.797279 0.374303 0.168589 0.844771 0.589901 0.363397 0.734495 0.366546 0.708844 0.418807 0.673140 0.368617 0.502561 0.493007 0.351904 0.775602 0.754198
0.344974 0.394507 0.438258 0.164257 0.920808 0.381680 0.689345 0.868067 0.139897 0.269471 0.261245 0.963686 0.637409 0.205598 0.859815 0.601817 0.671234 0.553563 0.650607 0.178654 0.332890 0.007082 0.395584 0.706972 0.828449 0.043753 0.648687 0.654115 0.013395 0.196442 0.838302 0.364188
0.495362 0.303519 0.185343 0.131674 0.559264 0.356510 0.939520 0.070323 0.068980 0.102489 0.347949 0.228449 0.152387 0.214484 0.070262 0.043184 0.876433 0.774668 0.761314 0.797915 0.956321 0.658292 0.217686 0.303383 0.605519 0.822337 0.681875 0.683947 0.833462 0.904884 0.013835 0.822451
0.647516 0.107435 0.525353 0.782863 0.916002 0.818610 0.344666 0.691785 0.424223 0.789338 0.751536 0.402611 0.117479 0.532020 0.629922 0.863351 0.470225 0.819648 0.913827 0.442913 0.837144 0.469460 0.832527 0.809278 0.748514 0.188778 0.164916 0.363847 0.259480 0.500651 0.702726 0.202962
0.756277 0.180827 0.532553 0.838755 0.019740 0.216117 0.118154 0.322986 0.028121 0.096224 0.767490 0.704593 0.316909 0.723094 0.194137 0.606156 0.861442 0.207858 0.487646 0.655003 0.269505 0.556028 0.080515 0.079010 0.398957 0.625503 0.122048 0.653207 0.010085 0.002252 0.746878 0.500685
0.804186 0.676865 0.642978 0.696418 0.632505 0.048539 0.365150 0.458540 0.105432 0.983501 0.621557 0.332587 0.091517 0.077643 0.212382 0.503839 0.375162 0.410911 0.056717 0.491095 0.759567 0.039571 0.266513 0.422419 0.346384 0.581217 0.008758 0.459773 0.978774 0.781048 0.974391 0.815421
0.018674 0.104476 0.167952 0.141930 0.114246 0.559771 0.594941 0.971039 0.224870 0.508097 0.119600 0.899674 0.720190 0.538440 0.305433 0.672138 0.400618 0.288101 0.445319 0.777828 0.778269 0.218497 0.987582 0.164498 0.569397 0.480551 0.929190 0.638282 0.826342 0.490448 0.548059 0.700247
0.808688 0.866340 0.957444 0.587875 0.792634 0.821753 0.608086 0.286124 0.725378 0.164602 0.211691 0.189360 0.877475 0.815498 0.844578 0.705162 0.104303 0.912777 0.470098 0.907123 0.690424 0.245441 0.817877 0.834770 0.872034 0.605289 0.618055 0.701148 0.138783 0.912019 0.548495 0.507589
0.713252 0.978621 0.440030 0.356986 0.686923 0.385468 0.274956 0.058231 0.113581 0.990501 0.722673 0.476788 0.447764 0.232977 0.897034 0.336102 0.545500 0.451115 0.861096 0.354478 0.502362 0.520132 0.883701 0.690192 0.305549 0.610928 0.937629 0.321969 0.908192 0.157907 0.154475 0.852484
0.576616 0.456532 0.881372 0.815694 0.645270 0.587920 0.754954 0.237997 0.626815 0.763341 0.042127 0.087264 0.027487 0.834216 0.720429 0.923458 0.400406 0.112159 0.262080 0.478238 0.503478 0.276681 0.749812 0.985035 0.877158 0.243380 0.934604 0.659997 0.898165 0.096084 0.592006 0.129673
0.935986 0.723146 0.204550 0.219606 0.023887 0.750761 0.426083 0.320702 0.368504 0.226594 0.679150 0.843753 0.646675 0.283288 0.453522 0.739410 0.846297 0.105505 0.423614 0.788789 0.081871 0.927376 0.578442 0.833162 0.243003 0.622949 0.960686 0.252689 0.938871 0.927622 0.733685 0.784834
0.527433 0.154493 0.777540 0.400915 0.277130 0.165943 0.083757 0.749660 0.653228 0.229270 0.210964 0.728282 1.006061 1.060155 0.116076 0.931539 0.990023 0.872381 1.002625 0.515770 1.046349 0.609948 1.061899 0.751351 0.916386 0.282363 0.573884 0.515953 0.814337 0.263607 0.248088 0.078556
0.902616 0.311755 0.579447 0.960461 0.309102 0.095549 0.836507 0.577149 0.803956 0.360505 0.447021 0.252421 0.986985 0.224954 0.132707 0.273693 0.561562 0.983417 0.774544 0.514487 0.689687 0.868986 0.749193 0.820299 0.859648 0.889675 0.321839 0.060447 0.875307 0.580304 0.473388 0.133108
0.800453 0.377949 0.189403 0.639061 0.281130 0.815488 0.548130 0.957600 0.713206 0.290631 0.143534 0.100763 0.224502 0.367180 0.635788 0.754156 0.082632 0.377071 0.180094 0.344207 0.513071 0.214988 0.112584 0.831132 0.636452 0.764670 0.605999 0.949530 0.385110 0.385219 0.705950 0.483595
0.306319 0.279683 0.235988 0.254078 0.610652 0.068155 0.113247 0.334963 0.994212 0.919582 0.026469 0.801439 0.479393 0.126277 0.137524 0.057473 0.694710 0.944614 0.086313 0.686822 0.284378 0.520489 0.521191 0.051185 0.852793 0.558601 0.881162 0.212954 0.307116 0.413340 0.859782 0.473754
0.612654 0.793501 0.956604 0.743757 0.062424 0.736510 0.279754 0.766159 0.691563 0.958163 0.108789 0.401765 0.513563 0.656355 0.920830 0.000122 0.603441 0.290463 0.576999 0.719041 0.126682 0.348861 0.400795 0.153496 0.955797 0.411018 0.207263 0.220447 0.202600 0.515715 0.778235 0.584809
0.321342 0.301273 0.579292 0.213324 0.034513 0.565970 0.113156 0.492694 0.283274 0.354390 0.951493 0.268056 0.910668 0.057057 0.079095 0.939671 0.018703 0.056633 0.383239 0.923821 0.981905 0.868651 0.594638 0.807902 0.229635 0.704041 0.304562 0.133519 0.100465 0.301409 0.637836 0.999587
0.718033 0.975576 0.332270 0.851959 0.469497 0.919538 0.144448 0.944944 0.259505 0.655926 0.744411 0.622125 0.216043 0.966935 0.085531 0.354255 0.682089 0.078314 0.016848 0.806340 0.976463 0.707020 0.657129 0.263423 0.160854 0.926057 0.883172 0.312223 0.021146 0.132530 0.209848 0.654280
0.815556 0.994366 0.359739 0.838145 0.811910 0.573119 0.712253 0.777637 0.250752 0.341961 0.696600 0.914193 0.717408 0.796305 0.660390 0.288719 0.066886 0.650793 0.821794 0.483628 0.341480 0.771390 0.047115 0.574787 0.198196 0.645912 0.268655 0.395278 0.411532 0.027648 0.638595 0.490784
0.318594 0.737508 0.809351 0.140207 0.534301 0.466880 0.340370 0.399631 0.893164 0.867537 0.496566 0.619750 0.181814 0.608184 0.582571 0.509329 0.155418 0.824033 0.247067 0.607100 0.495153 0.367012 0.797026 0.444422 0.618187 0.970281 0.215934 0.879227 0.382932 0.527900 0.694522 0.054726
0.534567 0.278165 0.719458 0.332600 0.763589 1.014892 0.041070 0.935645 0.495057 0.521415 0.096315 0.655229 0.546330 0.318286 0.335729 0.684312 0.424337 0.767223 0.400022 0.785465 0.870573 0.980034 0.780881 0.322882 0.926228 0.652745 0.589725 0.569253 0.963195 0.416548 0.705314 0.877982
0.604605 0.941917 0.614096 0.534288 0.549452 0.474003 0.231948 0.722556 0.364945 0.055198 0.648734 0.985414 0.809419 0.145219 0.906461 0.521346 0.646875 0.345145 0.036767 0.642410 0.183209 0.254141 0.590942 0.204017 0.552764 0.975381 0.135236 0.434742 0.998027 0.224633 0.430070 0.268450
0.502654 0.878134 0.346900 0.848293 0.489058 0.603234 0.790612 0.493993 0.838320 0.491966 0.605013 0.129579 0.751414 0.240500 0.856575 0.675677 0.073994 0.006259 0.978594 0.625974 0.562363 0.126945 0.411688 0.753692 0.953034 0.501851 0.254197 0.314530 0.242387 0.322397 0.145957 0.915822
0.780988 0.289316 0.512779 0.690658 0.827753 0.082953 0.278930 0.392393 0.581636 0.251739 0.163234 0.799343 0.776854 0.278559 0.602813 0.286324 0.838346 0.707408 0.378419 0.567047 0.892065 0.869183 0.126185 0.157185 0.837951 0.776024 0.014089 0.780172 0.782226 0.751935 0.806025 0.945879
0.181940 0.473252 0.042908 0.919675 0.292929 0.115030 0.350403 0.268881 0.786379 0.327559 0.303305 0.454817 0.162861 0.080991 0.053822 0.505911 0.690317 0.320168 0.253665 0.770871 0.495391 0.916745 0.607868 0.651091 0.225413 0.182899 0.226042 0.140519 0.909005 0.736769 0.249546 0.386631
0.229505 0.766481 0.721949 0.683570 0.280246 0.700843 0.022044 0.615523 0.934663 0.454426 0.774958 0.062731 0.842960 0.274590 0.357025 0.165779 0.156673 0.349449 0.310890 0.151236 0.087234 0.357375 0.429939 0.310180 0.151326 0.024811 0.962820 0.084083 0.480675 0.064086 0.307040 0.948218
0.849286 0.287166 0.146466 1.049484 0.537400 0.321796 0.117300 0.265841 0.101241 0.942230 0.816765 0.228687 0.534903 0.924136 0.706307 0.610491 0.444555 0.394653 0.504603 0.589208 0.897807 0.096380 0.948080 0.310360 0.320591 0.830798 0.184883 0.498206 0.547387 0.283556 -0.000012 0.559964
0.562727 0.807219 0.898348 0.954335 0.304960 0.733458 0.134279 0.895703 0.666437 0.143564 0.369241 0.642586 0.278924 0.947725 0.202076 0.949628 0.511300 0.239484 0.483169 0.607582 0.633659 0.904913 0.633450 0.325310 0.385768 0.648006 0.265982 0.348793 0.084271 0.318136 0.234909 0.674744
0.706191 0.448517 0.245093 0.447240 0.412961 0.220805 0.489051 0.900702 0.583535 0.882374 0.650038 0.065045 0.403355 0.368564 0.774324 0.791265 0.405045 0.652964 0.649685 0.241656 0.956256 0.587838 0.819541 0.970486 0.044782 0.572385 0.326940 0.154177 0.078712 0.197438 0.157042 0.528262
0.346879 0.768141 0.686463 0.103885 0.929970 0.115075 0.478880 0.028804 0.414397 0.878995 0.799475 0.786573 0.603347 0.795598 0.148859 0.976334 0.295981 0.539406 0.024202 0.021256 0.746635 0.215980 0.150194 0.667257 0.854799 0.731318 0.019966 0.402486 0.194635 0.340428 0.509156 0.455451
0.558894 0.841337 0.755486 0.905992 0.097814 0.308410 0.635337 0.840594 0.386544 0.918683 0.276746 0.017540 0.142633 0.490518 0.601086 0.694190 0.308575 0.651152 0.968571 0.474909 0.354086 0.341424 0.828308 0.430206 0.037517 0.127917 0.722691 0.882206 0.204864 0.807289 0.166472 0.010625
0.531109 0.995144 0.584228 0.762140 0.932818 0.677935 0.398610 0.645762 0.458811 0.143106 0.669156 0.459078 0.595849 0.784336 0.144055 0.698095 0.036687 0.318190 0.985936 0.717728 0.339114 0.977643 0.193739 0.406699 0.012625 0.311267 0.484202 0.953034 0.145848 0.919495 0.430872 0.934856
0.195146 0.966692 0.416714 0.356248 0.253304 0.052872 0.087495 0.184164 0.816254 0.214564 0.460080 0.191951 0.397736 0.216668 0.504693 0.469647 0.496602 0.677520 0.521410 0.848138 0.058443 0.301240 0.017181 0.302167 0.608378 0.812893 0.727747 0.842293 0.693779 0.949258 0.654507 0.016941
0.756626 0.909323 0.209895 0.099238 0.012108 0.364980 0.472483 0.897769 0.057469 0.087067 0.207208 0.055349 0.263543 0.278595 0.053917 0.737929 0.274921 0.144595 0.411415 0.540968 0.518336 0.334174 0.072597 0.747919 0.417538 0.181003 0.903891 0.012803 0.372380 0.405778 0.223573 0.754020
0.391040 0.863540 0.224808 0.315682 0.535176 0.217355 0.201725 0.816129 0.376747 0.923663 0.982187 0.183148 0.944096 0.334257 0.602148 0.175970 0.070426 0.638493 0.400383 0.459117 0.288105 0.253106 0.995882 0.435626 0.467574 0.790049 0.101444 0.866157 0.202690 0.154972 0.497121 0.242815
0.381523 0.628801 0.755058 0.612347 0.364415 0.821228 0.710456 0.991753 0.452365 0.159324 0.070508 0.823585 0.541401 0.494121 0.072014 0.642783 0.523476 0.750847 0.646947 0.112464 0.131029 0.458457 0.601758 0.428672 0.600728 0.401635 0.589078 0.103256 0.913526 0.043120 0.457031 0.840346
0.073287 0.793687 0.257240 1.067584 1.026158 0.882765 0.980207 0.242183 0.244659 0.205610 0.408850 0.224827 0.449617 0.973366 0.188993 0.557991 0.137751 0.589904 0.107378 0.936340 0.387508 0.593906 0.634728 0.217882 0.122778 0.481545 0.416828 0.416530 0.949956 0.079049 0.872590 0.091997
0.300497 0.218532 0.527817 0.494343 0.921496 0.680278 0.437405 0.472534 0.141410 0.981016 0.116767 0.892495 0.662566 0.145213 0.485763 0.141186 0.342158 0.668023 0.061072 0.106873 0.172858 0.721490 0.033655 0.690901 0.037845 0.214262 0.835593 0.934662 0.615264 0.896622 0.228660 0.671586
0.588556 0.206629 0.759455 0.123711 0.595446 0.106413 0.410262 0.014751 0.817531 0.882524 0.986791 0.872888 0.925554 0.961478 0.575976 0.011615 0.823365 0.420285 0.548422 0.569502 0.785624 0.626828 0.197345 0.366270 0.875910 0.077410 0.292425 0.101763 0.049456 0.751987 0.307668 0.503390
0.283258 0.185982 0.709032 0.739217 0.097386 0.180449 0.948897 0.583427 0.111742 0.772382 0.430238 0.862591 0.160112 0.459248 0.200213 0.204990 0.434438 0.367480 0.582168 0.045688 0.291114 0.270831 0.156800 0.977206 0.402599 0.762433 0.191211 0.298935 0.362898 0.858950 0.587279 0.750614
0.726602 0.122866 0.528227 0.108032 0.849932 0.277835 0.668720 0.169897 0.910277 0.723527 0.830076 0.962883 0.949683 0.907876 0.894904 0.236952 0.309873 0.464838 0.927371 0.205793 0.586779 0.706007 0.773687 0.448186 0.903984 0.058436 0.241280 0.498243 0.231567 0.687051 0.813672 0.425425
0.425733 0.980813 0.462661 0.156990 0.943988 0.137641 0.275452 0.565852 0.016958 0.871626 0.426925 0.483831 0.546991 0.358504 0.553955 0.655227 0.133321 0.662126 0.555307 0.379688 0.248693 0.270405 0.364433 0.936262 0.577602 0.493141 0.333602 0.541556 0.513220 0.985705 0.074991 0.112784
0.901836 0.594681 0.785961 0.361337 0.171220 0.718822 0.653736 0.176465 0.997669 0.119017 0.691076 0.369073 0.747035 0.338082 0.367359 0.476203 0.782657 0.764207 0.726153 0.608906 0.645251 0.097992 0.422046 0.109594 0.417421 0.200161 0.089977 0.855002 0.553217 0.808964 0.768906 0.608222
0.915906 0.050012 0.782491 0.577146 0.291115 0.513072 0.242241 0.316103 0.019245 0.693103 0.640896 0.026686 0.934990 0.292886 0.486889 0.558227 0.056781 0.435757 0.864067 0.561803 0.940853 0.419895 0.222004 0.744240 0.688193 0.357322 0.423325 0.822432 0.353451 0.147004 0.209950 0.507552
0.271300 0.380997 0.811804 0.527111 0.057035 0.141486 0.764782 0.508920 0.683032 0.475799 0.082430 0.527076 0.433881 0.345482 0.421245 0.075961 0.845639 0.184729 0.331471 0.725225 0.636784 0.406071 0.379562 0.919213 0.068758 0.357714 0.142856 0.504540 0.110464 0.911397 0.427499 0.799802
0.030805 0.113988 0.008319 0.242998 0.909042 0.324108 0.099192 0.789360 0.759982 0.541374 0.543298 0.430384 0.805502 0.698354 0.185249 0.261783 0.662660 0.522772 0.782049 0.496750 0.634830 0.345939 0.587086 0.815595 0.804478 0.635417 0.841907 0.881048 0.734468 0.114895 0.351106 0.334075
0.203718 0.846571 0.630721 0.768521 0.545241 0.191043 0.876845 0.358129 0.916015 0.435766 0.659026 0.939992 0.732009 0.546092 0.897163 0.079296 0.919046 0.267678 0.629964 0.777366 0.143545 0.311302 0.870124 0.143068 0.377203 0.526037 0.803468 0.915968 0.565896 0.717319 0.613671 0.690977
0.286601 0.812720 0.908684 0.570071 0.674189 0.400747 0.287096 0.845954 0.022682 0.515937 0.063537 0.734047 0.925692 0.337050 0.075815 0.727491 0.365610 0.506583 0.432018 0.079909 0.858330 0.883867 0.657924 0.293993 0.654811 0.034428 0.880727 0.928242 0.116691 0.812022 0.169145 0.472613
0.855830 0.142507 0.677693 0.352647 0.174588 0.308311 0.313926 0.500025 0.915664 0.644126 0.272069 0.144461 0.628645 0.972503 0.640261 0.898888 0.975290 0.637423 0.119317 0.588673 0.097775 0.687274 0.270946 0.148093 0.606296 0.376877 0.644471 0.333007 0.134982 0.861011 0.681930 0.464528
0.647032 0.231004 0.405787 0.193149 0.236939 0.351628 0.265538 0.813535 0.729393 0.860520 0.684096 0.476535 0.225854 0.979137 0.049659 0.082893 0.473684 0.035132 0.131144 0.047631 0.146720 0.366203 0.423146 0.450916 0.511238 0.332592 0.048709 0.357242 0.346866 0.995461 0.662002 0.695128
0.659681 0.978767 0.583340 0.478513 0.483611 0.751501 0.760276 0.262616 0.175561 0.662971 0.723279 0.965149 0.586181 0.724879 0.426506 0.827196 0.985483 0.304726 0.858533 0.285484 0.458199 0.576436 0.898315 0.200732 0.716754 0.362521 0.967379 0.861722 0.958729 0.227549 0.570148 0.995904
0.272021 0.434854 0.093968 0.399699 0.916703 0.164162 0.271090 0.750537 0.167091 0.596810 0.225169 0.744750 0.183463 0.166902 0.316847 0.449070 0.435068 0.883299 0.189410 0.701877 0.588663 0.431657 0.521516 0.666273 0.891626 0.929393 0.812061 0.370444 0.235100 0.914775 0.582793 0.570483
0.948038 0.075858 0.551934 0.774269 0.896957 0.588407 0.630845 0.734180 0.169442 0.475745 0.168589 0.176238 0.590394 0.714640 0.200519 0.793722 0.596320 1.001508 0.385787 0.609212 0.611826 0.761188 0.848189 0.309786 0.644143 0.067518 0.947964 0.615205 0.868926 0.906923 0.223329 0.469283
0.626961 0.059853 0.508476 0.575363 0.045077 0.756157 0.399134 0.465829 0.750725 0.287294 0.471533 0.614890 0.761054 0.179321 1.002200 0.337856 0.912379 0.032597 0.790446 0.704211 0.979377 0.128603 0.896806 0.778108 0.973019 0.112924 0.944826 0.192507 0.826589 0.485186 0.681536 0.544824
0.719217 0.159207 0.091653 0.891793 0.715069 0.985524 0.591879 0.846914 0.840286 0.978288 0.207226 0.778721 0.658144 0.088726 0.375546 0.223270 0.878186 0.379611 0.510332 0.187283 0.729978 0.936238 0.450355 0.641968 0.758150 0.093860 0.738845 0.954723 0.699059 0.881603 0.315596 0.293764
0.929818 0.831206 0.620942 0.741306 0.184057 0.799170 0.635261 0.898928 0.753921 0.125940 0.494957 0.864111 0.245997 0.175492 0.705046 0.419918 0.769874 0.866298 0.382915 0.525127 0.687634 0.004583 0.651452 0.258422 0.282749 0.185427 0.294491 0.121295 0.686458 0.197949 0.935562 0.464865
0.779164 0.048178 0.233944 0.960107 0.662116 0.155776 0.691187 0.036187 0.263904 0.334494 0.692671 0.863348 0.434768 0.170873 0.988192 0.486691 0.963403 0.015158 0.592485 0.217368 0.266889 0.698337 0.267490 0.828977 0.802428 0.030973 0.155200 0.095876 0.753871 0.025247 0.593132 0.875778
0.330839 0.496211 1.008918 0.363870 0.858876 0.256547 0.931881 0.809341 0.264846 0.794624 0.621306 0.716738 0.617645 0.691866 0.554728 0.691891 0.743098 0.414904 0.483306 0.385693 0.590133 0.223729 0.267769 0.574109 0.352678 0.446309 0.548767 0.756001 0.553099 0.967961 0.112205 0.281005
0.176888 0.615044 0.567683 0.156413 0.038076 0.101340 0.856103 0.891618 0.308571 0.754166 0.782736 0.279821 0.810789 0.192240 0.909273 0.873230 0.805682 0.282822 0.851389 0.143823 0.550566 0.537265 0.846606 0.830056 0.281662 0.756084 0.868558 0.045577 0.829145 0.200842 0.525389 0.307965
0.823041 0.486034 0.424287 0.500869 0.570815 0.281278 0.188375 0.017306 0.727784 0.017476 0.157626 0.311180 0.686996 0.055496 0.667507 0.868946 0.289640 0.430753 0.318536 0.949518 0.869029 0.778567 0.730904 0.844187 0.558456 0.181945 0.192234 0.129507 0.231767 0.126289 0.423880 0.199821
0.273786 0.105387 0.447350 0.656681 0.937771 0.371488 0.142564 0.131238 0.601627 0.676950 0.629131 0.180104 0.308287 0.673536 0.136199 0.731559 0.760393 0.208921 0.824128 0.633798 0.673153 0.358292 0.318803 0.584832 0.216127 0.176778 0.502295 0.780718 0.067464 0.395456 0.192653 0.902140
0.251391 0.480125 0.763230 0.787455 0.213818 0.805873 0.245184 0.293271 0.742620 0.900583 0.840767 0.013085 0.489954 0.178084 0.982953 0.289732 0.061279 0.864910 0.594291 0.745465 0.326109 0.557161 0.139560 0.674435 0.127763 0.168651 0.042632 0.298806 0.445236 0.158264 0.795938 0.285634
0.774069 0.398747 0.640796 0.743753 0.837642 0.752110 0.563271 0.368336 0.728691 0.437370 0.498921 0.843332 0.259628 0.908531 0.295742 0.761621 0.356539 0.225766 0.044385 0.742816 0.026645 0.568843 0.574943 0.242592 0.002424 0.302422 0.162519 0.918456 0.729458 0.572356 0.643363 0.922683
0.392374 0.632787 0.386265 0.670885 0.858894 0.175676 0.857974 0.547339 0.703176 0.774467 0.952916 0.588581 0.466152 0.538949 0.267508 0.578048 0.949629 0.939639 0.084662 0.691898 0.687036 0.323780 0.915801 0.781650 0.828599 0.946557 0.162196 0.020683 0.158944 0.092401 0.875887 0.054331
0.645109 0.047025 0.115174 0.167802 0.173029 0.538511 0.700057 0.743848 0.157913 0.577188 0.697636 0.979114 0.822635 0.051806 0.707068 0.256777 0.099994 0.646579 0.888597 0.960974 0.328470 0.750063 0.576418 0.159842 0.951677 0.211437 0.185076 0.543851 0.375886 0.103535 0.905314 0.118850
0.834008 0.963041 0.299903 0.981529 0.533259 0.534647 0.202204 0.652230 0.690267 0.192217 0.056871 0.429463 0.549236 0.720558 0.427452 0.793410 0.828087 0.506081 0.672840 0.924480 0.343223 0.864908 0.853200 0.067295 0.569317 0.328410 0.745898 0.402344 0.166631 0.966109 0.316716 0.301907
0.963384 0.771004 0.366516 0.046871 0.070118 0.406563 0.003995 0.710895 0.492692 0.324060 0.480081 0.979480 0.830248 0.858737 0.208623 0.294803 0.536077 0.664918 0.429027 0.322825 0.274026 0.813223 0.786217 0.544375 0.942303 0.235816 0.702616 0.890407 0.497320 0.299039 0.940807 0.977438
0.328952 0.532984 0.056035 0.843731 0.018460 0.778806 0.540988 0.145608 0.664393 0.642111 0.498857 0.730044 0.119703 0.293583 0.113980 0.347718 0.505913 0.075369 0.447092 0.993407 0.335786 0.921934 0.260872 0.583253 0.736400 0.336686 0.359333 0.409573 0.014751 0.331594 0.737580 0.244787
0.646567 0.986570 0.308106 0.020813 0.993570 0.809001 0.866926 0.885120 0.477985 0.164006 0.851041 0.755189 0.694444 0.263188 0.799239 0.119030 0.574171 0.964584 0.393190 0.613190 0.139075 0.408253 0.340413 0.671290 0.456798 0.406522 0.360248 0.413567 0.402066 0.168627 0.586933 0.808390
0.409834 0.625636 0.256280 0.189670 0.050678 0.938159 0.886203 0.067849 0.233704 0.758429 0.553477 0.801632 0.812893 0.683529 0.539250 0.722335 0.819828 0.582940 0.351459 0.811833 0.456741 0.794360 1.013101 0.715437 0.621326 0.378088 0.161560 0.919352 0.860565 0.335933 0.238107 0.542890
0.833798 0.137238 0.290557 0.247918 0.609790 0.252866 0.721817 0.879366 0.275987 0.251113 0.908348 0.714938 1.007273 0.621922 0.990604 0.841388 0.070853 0.063571 0.657512 0.280171 0.810018 0.358155 0.789053 0.849472 0.105562 0.452207 0.835424 0.028637 0.803528 0.996275 0.566608 0.670386
0.046181 0.758500 0.966300 0.213511 0.523248 0.825170 0.473857 0.134699 0.895198 0.882581 0.263596 0.813525 0.340857 0.139306 0.885047 0.397458 0.476268 0.206121 0.681509 0.317661 1.062785 0.236470 1.016637 0.266183 0.439041 0.642395 0.288351 0.559988 0.988396 0.014708 0.621276 0.412998
0.684150 0.330734 0.454954 0.593884 0.932871 0.240772 0.800753 0.442499 0.337398 0.895290 0.827268 0.301626 0.081907 0.579443 0.593868 0.882055 0.229076 0.266996 0.536915 0.189326 0.701023 0.627666 0.586538 0.990630 0.572656 0.286812 0.227594 0.331252 0.014985 0.508150 0.478308 0.839569
0.639245 0.502981 0.613424 0.147656 0.725066 0.322892 0.102233 0.208876 0.953605 0.154495 0.291577 0.923149 0.101321 0.358079 0.148185 0.499051 0.994134 0.476677 0.400774 -0.008810 0.535676 0.926638 0.772107 0.286413 0.599801 0.304833 0.814767 0.528110 0.467667 0.240080 0.575219 0.122803
0.956506 0.144449 0.834723 0.785090 0.313356 0.398275 0.749959 0.727607 0.748055 0.001887 0.619851 0.971897 0.987812 0.535931 0.263100 0.662957 0.259074 0.068314 0.729865 0.231631 0.029415 0.325890 0.772677 0.670026 0.043221 0.845727 0.528150 0.429675 0.328786 0.323048 0.685256 0.334684
0.960560 0.322682 0.009225 0.418025 0.345238 0.305160 0.692842 0.192610 0.898322 0.015952 0.765131 0.310205 0.765970 0.487495 0.179947 0.402084 0.908092 0.164080 0.702427 0.062633 0.185698 0.835252 0.515163 0.195662 0.531963 0.172423 0.458726 0.157678 0.268418 0.573640 0.379251 0.171595
0.488985 0.960482 0.271730 0.688887 0.812790 0.955182 0.319627 0.581891 0.517443 0.181338 0.392210 0.516823 0.964618 0.267956 0.959064 0.551475 0.132559 0.526979 0.981736 0.343253 0.556702 0.724675 0.918321 0.157092 0.597539 0.248518 0.710373 0.862296 0.848942 0.991288 0.510283 0.527174
0.420354 0.821689 0.905870 0.693097 0.241696 0.523697 0.994699 0.409319 0.583701 0.989497 0.657438 0.029476 0.273348 0.149452 0.954993 0.315529 0.542054 0.914573 0.139613 0.975116 0.004856 0.489537 0.050987 0.315416 0.392871 0.457142 0.148939 0.503224 0.244006 0.277022 0.692598 0.327283
0.425347 0.259132 0.491526 0.350016 0.345719 0.851937 0.061711 0.401476 0.990844 0.548893 0.887741 0.923868 0.831152 0.096693 0.260441 0.118174 0.417787 0.147587 0.868439 0.963663 0.146792 0.399225 0.508993 0.982051 0.670592 0.089528 0.918387 0.985801 0.307583 0.791230 0.346483 0.605165
0.504745 0.860804 0.462429 0.077322 0.222048 0.127153 0.483845 0.680196 0.767130 0.833315 0.085511 0.718889 0.912939 0.666878 0.920406 0.593422 0.115053 0.857180 0.898618 0.915753 0.088465 0.271826 0.594030 0.422974 0.007144 0.244667 0.507621 0.688261 0.799487 0.856871 0.345279 0.860523
0.451279 0.275031 0.073279 0.909653 0.769431 0.272157 0.622260 0.917688 0.104501 0.322107 0.857227 0.415517 0.615230 0.574966 0.608235 0.189986 0.128311 0.967475 0.097860 0.693039 0.439009 0.981730 0.825455 0.032152 0.299421 0.691939 0.017655 0.104426 0.269930 0.235518 0.561368 0.131563
0.183561 0.766346 0.673789 0.608243 0.261964 0.030278 0.174042 0.722068 0.752072 0.446031 0.046084 0.158182 0.967415 0.520328 0.835245 0.290054 0.593630 0.225399 0.465131 0.096837 0.166677 0.960118 0.737432 0.516398 0.605697 0.191250 0.014469 0.822450 0.436842 0.932643 0.461133 0.277054
0.844231 0.866220 0.683770 0.488621 0.032768 0.277208 0.703156 0.844277 0.034620 0.783171 0.566847 0.203169 0.766574 0.724902 0.381392 0.551199 0.885342 0.531357 0.436064 0.201367 0.913334 0.672108 0.144111 0.808553 0.293505 0.037240 0.159346 0.990147 0.080816 0.747932 0.658016 0.314163
0.719685 0.798937 0.202292 0.380119 0.363533 0.743456 0.464298 0.466679 0.024678 0.537439 0.998093 0.191464 0.450544 0.289649 0.961588 0.642183 0.708280 0.668308 0.364622 0.736957 0.124291 0.318143 0.097062 0.893715 0.140058 0.404724 0.549329 0.453680 0.939628 0.421731 0.598560 0.690943
0.603819 0.393009 0.831544 0.628109 0.805855 0.264358 0.122095 0.659305 0.067585 0.485824 0.955894 0.284696 0.012121 0.594176 0.897463 0.928410 0.896936 0.823646 0.218507 0.295079 0.985906 0.816421 0.528940 0.893157 0.934691 0.906979 0.208667 0.292058 0.209335 0.673473 0.294666 0.613095
0.248899 0.765408 0.447196 0.569160 0.104524 0.971082 0.750058 0.914105 0.992011 0.871084 0.699683 0.779922 0.157682 0.183007 0.228593 0.892569 0.538577 0.967948 0.111893 0.578680 0.537198 0.491177 0.349547 0.643754 0.240295 0.656445 0.999908 0.355996 0.490643 0.327066 0.289488 0.761318
0.548279 0.774835 0.451505 0.097793 0.541504 0.798786 0.256853 0.767509 0.601592 0.031756 0.043828 0.333457 0.746686 0.599282 0.583142 0.462035 0.904953 0.672355 0.374499 0.758868 0.513685 0.693924 0.242486 0.962666 0.166439 0.304722 0.162523 0.851211 0.212229 0.746248 0.543152 0.223356
0.190942 0.295255 0.470088 0.729960 0.684733 0.584033 0.281997 0.775494 0.863115 0.295106 0.239021 0.479212 0.987354 0.932307 0.212705 0.812088 0.553068 0.641645 0.350551 0.621998 0.280413 0.371627 0.935180 0.363423 0.157266 0.846401 0.629125 0.476891 0.036553 0.774644 0.377050 0.731159
0.309912 0.319232 0.588948 0.378831 0.041111 0.689979 0.096867 0.258376 0.890125 0.875439 0.520439 0.797932 0.821066 0.137541 0.447903 0.978100 0.644362 0.126052 0.328513 0.318152 0.574036 0.561591 0.479986 0.834220 0.841752 0.276715 0.043105 0.492627 0.291095 0.460293 0.922041 0.409430
0.826469 0.213055 0.901483 0.262587 0.024421 0.252065 0.523105 0.680766 0.115885 0.577154 0.885971 0.083130 0.740166 0.424731 0.474566 0.761493 0.901429 0.167715 0.531765 0.463906 0.900568 0.222022 0.940704 0.285720 0.751538 0.514933 0.822532 0.316522 0.477094 0.573282 0.208698 0.266361
0.664336 0.231063 0.672744 0.623056 0.407442 0.348764 0.164040 0.214415 0.796499 0.024825 0.341790 0.166064 0.394010 0.742298 0.850196 0.980588 0.158455 0.400307 0.493692 0.047658 0.145539 0.097280 0.182912 0.393228 0.441694 0.893743 0.930998 0.153259 0.254276 0.291252 0.964322 0.016995
0.747657 0.755736 0.314662 0.919030 0.133306 0.426904 0.536860 0.307545 0.172801 0.467078 0.690299 0.527167 0.881098 0.743590 0.689980 0.192422 0.048760 0.516969 0.527615 0.507023 0.600370 0.526721 0.248006 0.071052 0.955101 0.370524 0.741998 0.186673 0.900710 0.601921 0.970591 0.122418
0.757005 0.012611 0.175392 0.325981 0.531823 0.248300 0.146237 0.481079 0.305904 0.456982 0.314277 0.173159 0.075262 0.120888 0.375721 0.580521 0.482024 0.047376 0.102280 0.397982 0.681424 0.860990 0.900282 0.117607 0.363655 0.855938 0.698530 0.423535 0.617304 0.942304 0.355411 0.060749
0.251544 0.155347 0.128573 0.280191 0.174494 0.223576 0.320013 0.317620 0.925445 0.904302 0.725102 0.206546 0.075238 0.136896 0.723678 0.403863 0.903976 0.330634 0.126591 0.560874 0.971705 0.896894 0.715715 0.051504 0.011320 0.163378 0.934993 0.594357 0.782281 0.826349 0.589047 0.329523
0.811531 0.159580 0.370879 0.914403 0.341049 0.010874 0.262668 0.611420 0.316986 0.140145 0.694165 0.799144 0.101574 0.694271 0.741703 0.913448 0.968914 0.237807 0.641275 0.541916 0.263837 0.952599 0.934234 0.233028 0.023685 0.022742 0.598751 0.224730 0.144165 0.222207 0.073100 0.833397
0.245281 0.193791 0.965597 0.486083 0.147933 0.178048 0.389834 0.602090 0.598757 0.322765 0.679896 0.181242 0.546616 0.913949 0.178680 0.495000 0.208042 0.422170 0.772532 0.184238 0.464158 0.753777 0.388613 0.678893 0.051052 0.442039 0.247009 0.838457 0.756749 0.666321 0.146516 0.405968
0.072569 0.200898 0.207639 0.388433 0.208889 0.468893 0.068947 0.819470 0.303790 0.479719 0.458914 0.344817 0.956014 0.502602 0.368644 0.665765 0.286006 0.419486 0.497814 0.671915 0.984114 0.729473 0.327565 0.297158 0.295564 0.544919 0.931743 0.132400 0.105239 0.227043 0.838033 0.803252
0.793558 0.776279 0.131457 0.293775 0.397136 0.962447 0.964230 0.191161 0.817879 0.644360 0.034482 0.224892 0.108971 0.410089 0.938762 0.263907 0.521432 0.550282 0.522804 0.692942 0.123681 0.239339 0.283387 0.369709 0.265599 0.805753 0.918099 0.398880 0.920211 0.152487 0.034733 0.954313
0.917363 0.072127 0.880375 0.487230 0.448425 0.555145 0.583686 0.816873 0.411726 0.184960 0.141553 0.216397 0.148771 0.674048 0.842598 0.610691 0.058855 0.798857 0.512409 0.996165 0.131378 0.885256 0.500810 0.833727 0.973719 0.299095 0.003939 0.724737 0.478130 0.833331 0.474283 0.812221
0.251665 0.645408 0.993795 0.790965 0.334881 0.343124 0.695500 0.775636 0.856085 0.069940 0.589853 0.725798 0.821110 0.784757 0.954615 0.036657 0.634414 0.052996 0.974051 0.039133 0.720800 0.430253 0.859091 0.272667 0.832835 0.150859 0.522255 0.726947 0.870577 0.753259 0.523629 0.248464
0.178581 0.760912 0.141148 0.395986 0.435775 0.615193 0.429268 0.054791 0.147815 0.961090 0.275980 0.578556 0.376386 0.212674 0.656971 0.571756 0.866002 0.439621 0.401046 0.950438 0.661992 0.911279 0.919474 0.663216 0.529374 0.831870 0.236324 0.360956 0.309359 0.376072 0.096783 0.119644
0.238915 0.334302 0.465154 0.205249 0.662754 0.331862 0.159665 0.586123 0.942836 0.882618 0.021838 0.966194 0.236468 0.220125 0.294336 0.199961 0.513561 0.430136 0.171034 0.273766 0.081336 0.862488 0.321929 0.137854 0.429826 0.351257 0.976059 0.188839 0.373789 0.910944 0.050986 0.567203
0.616369 0.710583 0.864505 0.052688 0.198316 0.280818 0.255629 0.825506 0.881852 0.443616 0.897602 0.459400 0.521758 0.863531 0.953964 0.005062 0.728960 0.772419 0.586851 0.315484 0.974257 0.564909 0.613687 0.843672 0.229065 0.684062 0.880560 0.999646 0.633011 0.079908 0.047572 0.998881
0.377871 0.868920 0.653683 0.218608 0.060958 0.261426 0.874821 0.373035 0.182523 0.075758 0.008238 0.151454 0.367063 0.777210 0.450272 0.655631 0.753763 0.690499 0.982249 0.458084 0.600249 0.253571 0.985793 0.714286 0.282756 0.169705 0.039835 0.804832 0.332075 0.593394 0.934739 0.643397
0.321019 0.492678 0.316720 0.449287 0.965142 0.186822 0.956541 0.462872 0.527222 0.256987 0.100878 0.506164 0.741520 0.907546 0.296159 0.228275 0.866135 0.896667 0.160148 0.190772 0.219278 0.005241 0.404593 0.546656 0.717746 0.046667 0.640949 0.294853 0.486299 0.305456 0.506060 0.432092
0.416239 0.486821 0.513818 0.180927 0.936943 0.804484 0.674350 0.229566 0.889987 0.103755 0.777110 0.801111 0.845078 0.538594 0.196468 0.676770 0.263672 0.487255 0.846476 0.567875 0.033719 0.714483 0.973635 0.547295 0.330312 0.713838 0.520605 0.318942 0.812737 0.525977 0.153492 0.123850
0.804522 0.481024 0.646786 0.528877 0.257543 0.193406 0.219934 0.566122 0.866753 0.800438 0.225306 0.571854 0.521346 0.220485 0.823265 0.120567 0.493706 0.694807 0.245508 0.959329 0.416934 0.227874 0.452038 0.968040 0.046899 0.426753 0.661240 0.826278 0.289860 0.221496 0.355933 0.115701
0.745115 0.860240 0.349374 0.392230 0.831690 0.179271 0.837763 0.180920 0.320921 0.345972 0.000190 0.916030 0.017771 0.348692 0.630020 0.866766 0.916740 0.627397 0.676713 0.197481 0.051858 0.341471 0.686295 0.738886 0.025579 0.652789 0.142955 0.862126 0.619385 0.479195 0.089983 0.498055
0.015896 0.599280 0.856633 0.779706 0.964141 0.485619 0.196788 0.793485 0.844356 0.003112 0.122158 0.159383 0.984340 0.038823 0.938173 0.850163 0.574620 0.055350 0.862017 0.075014 0.002180 0.494790 0.701680 0.542006 0.625748 0.555721 0.105342 0.877046 0.789838 0.185567 0.320696 0.558739
0.220239 0.919554 0.905507 0.341860 0.332933 0.169996 0.978320 0.314125 0.796169 0.157265 0.695762 0.549411 0.327045 0.832276 0.005851 0.060950 0.503402 0.021217 0.448365 0.075656 0.533775 0.018784 0.138111 0.455934 0.742826 0.850078 0.083565 0.594042 0.732143 0.864160 0.182977 0.247143
0.895708 0.052056 0.463616 0.195392 0.851483 0.160487 0.616504 0.012986 0.167581 0.329538 0.974628 0.628642 0.861609 0.992652 0.371518 0.078496 0.102294 0.002140 0.962933 0.168223 0.476235 0.344649 0.405327 0.976888 0.313317 0.210302 0.150277 0.536932 0.681253 0.786631 0.361793 0.409949
0.235200 0.658266 0.968830 0.642777 0.201960 0.592330 0.931047 0.745470 0.470019 0.664416 0.211960 0.745955 0.336652 0.117861 0.727060 0.120884 0.981708 0.671631 0.715944 0.326269 0.033409 0.286634 0.370494 0.929364 0.457632 0.639048 0.997709 0.818611 0.027026 0.345650 0.605357 0.723232
0.424698 0.969599 0.878868 0.175761 0.210227 0.146742 0.353846 0.886302 0.441939 0.255915 0.529508 0.544473 0.278341 0.337353 0.201740 0.211002 0.229490 0.569145 0.760071 0.937721 0.986939 0.106275 0.242641 0.921835 0.794109 0.467844 0.584277 0.476539 0.798247 0.027291 0.012471 0.465691
0.375652 0.170053 0.934330 0.342707 0.523591 0.217396 0.856395 0.039981 0.596359 0.087611 0.640718 0.218988 0.891005 0.124218 0.494539 0.065372 0.934262 0.757368 0.081052 0.072723 0.582027 0.919884 0.391009 0.608196 0.444604 0.371882 0.161650 0.230479 0.142969 0.778985 0.479506 0.214739
0.441232 0.421583 0.013210 0.096145 0.283370 0.748151 0.471742 0.232884 0.755837 0.325545 0.849801 0.553724 0.614819 0.155484 0.905099 0.906390 0.779320 0.135511 0.080100 0.196516 0.266695 0.464797 0.562305 0.754260 0.421186 0.074086 0.000065 0.602950 0.914914 0.780356 0.476593 0.765125
0.003522 0.799166 0.421224 0.581557 0.882577 0.761881 0.192913 0.446720 0.533720 0.274274 0.960900 0.665630 0.625291 0.443931 0.503169 0.935338 0.623626 0.026310 0.695473 0.659102 0.795404 0.281216 0.355972 0.002196 0.475852 0.087172 0.070112 0.554567 0.178451 0.192508 0.537348 0.103326
0.676555 0.231209 0.648932 0.861173 0.791780 0.222564 0.149483 0.565699 0.873690 0.741368 0.986396 0.767744 0.484738 0.443192 0.176819 0.474801 0.790537 0.786043 0.665008 0.082549 0.104733 0.984876 0.822811 0.114492 0.548890 0.076100 0.310423 0.144902 0.396476 0.327018 0.832116 0.528276
0.916810 0.268621 0.777372 0.493633 0.949027 0.455701 0.635370 0.393641 0.262398 0.138964 0.405816 0.199798 0.811317 0.899715 0.785788 0.748119 0.028938 0.531170 0.579829 0.086995 0.800209 0.714380 0.816974 0.163573 0.085232 0.291692 0.868793 0.815489 0.865623 0.519473 0.995436 0.778314
0.919441 0.714997 0.049944 0.590718 0.832556 0.790142 0.615025 0.953178 0.232353 0.378967 0.762477 0.157358 0.325798 0.637458 0.544888 0.434987 0.221169 0.834100 0.528443 0.521535 0.735447 0.218905 0.122503 0.824162 0.913667 0.378136 0.297674 0.847098 0.727553 0.950264 0.227215 0.421620
0.809363 0.169053 0.899710 0.181753 0.652603 0.805288 0.567497 0.816185 0.719122 0.952245 0.918124 0.738732 0.191910 0.636942 0.806002 0.312020 0.187070 0.398688 0.655756 0.747163 0.810257 0.214480 0.542935 0.242151 0.610424 0.860187 0.143245 0.155479 0.757276 0.963431 0.673334 0.243554
0.219987 0.652466 0.807572 0.281480 0.024940 0.813247 0.655428 0.569410 0.525042 0.758085 0.117581 0.871260 0.839169 0.262780 0.071059 0.351442 0.358487 0.189861 0.807016 0.282576 0.484354 0.196426 0.117914 0.724931 0.649854 0.292137 0.355091 0.170171 0.406971 0.902698 0.927566 0.359096
0.397369 0.141306 0.089643 0.735938 0.340803 0.462412 0.591116 0.981382 0.390050 0.921159 0.566838 0.572215 0.754016 0.117863 0.840604 0.294039 0.790620 0.545488 0.661805 0.693252 0.838826 0.339373 0.060484 0.044606 0.001194 0.848868 0.638744 0.117434 0.646350 0.007271 0.583990 0.775380
0.793273 0.703441 0.540091 0.343691 0.436981 0.663458 0.915899 0.532625 0.780037 0.445759 0.214903 0.032670 0.820573 0.859892 0.243068 0.005114 0.366513 0.855524 0.184605 0.022272 0.402124 0.119616 0.017702 0.690886 0.113304 0.365731 0.661211 0.777359 0.097708 0.449252 0.111450 0.921496
0.722307 0.410140 0.779722 0.659932 0.606426 0.284869 0.798886 0.267720 0.967531 0.370448 0.293476 0.988496 0.716620 0.765204 0.279550 0.410545 0.933864 0.327931 0.225042 0.147184 0.045506 0.602112 0.907348 0.482030 0.761115 0.434511 0.016398 0.575814 0.002971 0.364243 0.025541 0.469939
0.150072 0.464762 0.309847 0.981619 0.431592 0.552487 0.060352 0.719550 0.660045 0.083487 0.674585 0.867796 0.623688 0.240182 0.091264 0.884049 0.479813 0.326605 0.939490 0.439911 0.346260 0.941199 0.024203 0.467219 0.143598 0.619432 0.833625 0.745246 0.692844 0.709047 0.673522 0.677578
0.979825 0.396648 0.214809 0.918993 0.695591 0.837924 0.379283 0.375017 0.206658 0.170345 0.584623 0.621380 0.053477 0.807041 0.581487 0.447964 0.682921 0.903251 0.045304 0.854445 0.712178 0.719852 0.041788 0.370294 0.479142 0.662629 0.569290 0.703547 0.857056 0.034451 0.510949 0.646127
0.894446 0.428641 0.280983 0.171064 0.967989 0.931143 0.384919 0.030188 0.712403 0.350151 0.294498 0.435821 0.276238 0.160756 0.288056 0.638063 0.791909 0.773077 0.876057 0.651231 0.784644 0.864409 0.133512 0.763430 0.474931 0.508321 0.769785 0.123638 0.375080 0.227273 0.651936 0.686963
0.693205 0.404622 0.930332 0.733216 0.193909 0.311201 0.939095 0.526967 0.893154 0.964765 0.213576 0.841975 0.651870 0.235597 0.832536 0.437151 0.380376 0.082435 0.253148 0.266722 0.242953 0.567203 0.986610 0.402000 0.716507 0.506186 0.484435 0.421723 0.377440 0.471605 0.671184 0.531053
