8.164851162397511741e-01 6.438340816075937001e-01 8.234159399069124197e-01 9.456120237645040394e-01 9.366479726306001785e-01 1.990621013181138599e-01 9.105160655108636147e-01 4.315490890137877456e-01 4.291818805156251138e-01 3.429481736745487730e-02
5.389340006514986570e-01 4.766615647597588490e-01 6.126825328185560027e-01 2.065896931156874228e-01 2.242335391772577458e-01 2.712128893398290108e-01 1.627807285653337654e-01 7.824157909627318386e-01 3.733737012031727032e-01 5.044617798092053684e-01
2.542697264852011863e-03 8.986629786623387961e-01 8.782468705533711395e-01 5.102063588003448169e-01 3.565657586139054924e-01 3.474690575455301467e-01 3.104590563765112776e-01 4.701743086931791105e-01 9.716266902181849296e-01 5.359714342794957842e-01
4.314931455291652895e-01 2.218618760867370199e-01 2.183523913376395065e-02 5.758753672705545501e-01 1.811350455760574185e-01 5.484579189030093227e-01 4.866298677052594002e-01 4.460281730106807618e-01 4.094858413494857352e-01 8.931832827382226725e-01
3.534075510978080814e-01 9.756257377207302461e-01 5.768295075613188994e-01 1.378475628945953213e-01 4.180641407036584933e-01 8.097999385773596570e-01 4.541875452636850996e-01 3.152146948361210788e-01 6.066348121763993628e-01 5.846351291637419401e-02
7.775616393312031471e-01 7.949213211944623492e-01 5.297113216572920669e-01 6.096833743196723443e-01 2.316114107005731171e-01 2.571151135700444623e-02 3.661081439727127407e-01 5.673723196313890105e-01 9.421144447066074346e-01 4.958451899761799897e-01
5.717435832700585863e-01 4.155485046144662409e-01 4.114461389048573725e-02 4.260341028726726265e-01 1.103742877286991719e-01 1.670083308736640682e-01 4.990524578186189553e-01 8.204958191468808559e-01 2.631663841713819396e-01 8.561173178899379455e-01
6.007344678846409103e-01 5.935355216182202076e-01 2.687975719014702447e-01 2.152188704286489562e-01 8.447220332076849081e-01 1.978209821470776619e-01 2.586223295563964131e-01 2.635008653105485044e-01 3.244812434176821414e-01 6.931318062546387715e-01
9.721389217236311442e-01 5.998697388447290502e-01 1.628036352311393875e-01 4.284893967610303722e-01 7.548942251338984777e-01 8.611048023345055924e-01 1.007204195985446082e-01 2.540348503536022928e-01 5.322449129371834564e-01 9.799499695707190039e-01
8.297623765317885258e-01 4.025961708612180168e-02 1.904461069143530416e-01 8.053047018662817802e-02 3.813069520038681048e-01 5.698040689152382710e-01 2.073761145468131506e-01 6.179775482054811198e-01 7.600524103858394831e-01 8.520755441775303973e-01
2.532225152260009216e-01 3.040429859408365632e-01 3.141624627926306035e-01 2.985585205828888977e-02 6.028047238921244722e-01 9.292312600620692420e-01 2.637258858615066925e-01 2.904033998263833016e-01 4.190463653729781246e-02 9.440452647651675910e-01
8.633888359762684761e-01 1.301385751899816201e-01 9.228567566766729957e-01 7.080403418995684373e-01 2.382088472595071948e-01 3.747226694967864535e-01 6.236414101793708031e-02 8.449081174063588495e-01 9.411218227337150299e-01 2.793667153786785207e-01
8.387865988171429033e-01 8.644676536791311428e-01 8.641409752822584167e-01 3.981665292264839895e-01 2.788087581548185367e-01 7.541214161321606602e-01 5.283764144819657060e-01 3.996457087118820972e-02 9.366666278381817756e-01 8.688554560073373789e-01
6.286727817905488624e-01 8.173577464108526813e-01 1.858157245073689401e-01 7.401087801128334309e-01 2.676177522579474832e-01 6.193754723760398484e-01 4.497577366623292106e-01 6.687906874967929349e-01 1.585000748372894508e-01 6.973584804347098265e-01
7.834794926186916530e-02 1.476687565072398733e-02 6.262848019951744449e-01 2.635386106811766771e-01 9.753112978850152492e-01 9.118953060038222924e-01 6.927488207775466256e-01 1.346347006300206983e-01 1.523250185501340281e-01 2.963819306016376443e-01
1.195953152956461540e-01 3.013434148766164222e-01 2.800135941656185512e-01 5.292727443149171096e-01 8.972305564936761124e-01 6.009457657305196099e-01 2.027678338962241034e-01 8.831207599953494469e-01 7.154141889456304693e-01 9.552744968476342136e-01
6.483256623786685102e-01 3.720242323868201417e-01 2.259222370682512082e-02 1.793357791211126484e-01 2.819619590160385991e-01 9.812120957580150460e-01 7.063172434609883421e-01 1.037265864182731478e-01 9.185591856710344505e-01 8.649512664780715232e-01
6.483371900452854497e-01 7.728841668991500713e-01 6.464088333212166804e-01 8.295253473750116013e-01 2.258749690439606495e-01 5.925261316344540008e-01 5.908655904955538718e-01 4.532867342698694291e-01 2.957139139637443570e-01 8.483830249538472090e-01
9.858398616846443252e-01 6.788901002159316578e-01 8.080912726337886598e-01 7.491069182392282588e-01 5.652118516382993452e-01 9.215094667156825681e-01 6.223320863098625866e-01 5.997498638048393005e-01 5.195892257200215303e-01 8.038946137237502620e-01
4.115814197036886668e-01 7.045573655040437977e-02 5.080451097119574877e-01 3.033380864000119193e-01 8.820207986557382362e-02 5.982859433618726852e-01 7.718762374868860521e-01 4.308202377115866177e-01 6.295170069419592229e-01 5.234089474373010420e-01
1.340382160105425546e-01 8.528019807903854943e-01 8.171830100748820325e-01 2.682941028660944527e-01 9.153824056473225390e-01 2.085032931252727151e-01 8.022772559138157122e-01 2.272328589585730363e-01 8.247841568267421097e-01 3.143847447667730277e-01
5.970883849425573375e-01 5.886031436606573575e-01 8.854334472593041738e-01 3.551842885274735240e-01 3.261020319850017612e-01 5.682171692385222794e-01 4.977583902413407202e-01 3.618299176346495560e-01 6.121763800212564055e-01 7.095333030618886649e-01
8.201074493410464017e-01 8.522729124330724604e-01 9.814660096798333289e-01 7.096991043783551500e-01 4.779804525631718981e-01 2.808911329141837721e-01 1.286342166216947192e-02 4.389695089594169986e-02 5.633959725085720960e-01 8.336635448889228028e-01
3.965602996456784046e-01 4.842428977392985168e-01 6.638374204740682405e-01 4.160763829360630828e-01 2.873933186273984752e-01 2.112337537255752906e-01 6.633720470208681608e-02 2.783407626966782900e-01 9.007938341787571357e-01 5.596187325858884565e-01
9.753741002443577779e-01 7.985180865207701650e-01 6.941094494171868856e-01 9.292479247898235428e-01 6.611705600522777004e-02 1.520194662034415334e-01 6.587539436147490379e-01 7.119321056959004856e-01 8.657291665587271146e-01 1.383765824503970787e-01
2.965333065949031788e-01 9.158126072347915203e-01 8.854141840626477133e-01 1.227015973220795253e-01 4.546766576151279882e-01 3.145865960480948020e-01 1.168385118613949336e-01 5.214635727557634937e-01 1.175331788872520100e-01 8.347407660039218857e-02
1.368515887947716614e-01 3.359478403964738513e-01 5.335212099538938491e-01 5.349448951657350682e-01 4.934498056209567496e-01 2.360307455260260978e-01 5.280168005581334922e-01 8.860582931540872398e-02 6.704298803291250941e-01 9.474892605213558472e-02
8.854933251979251185e-01 2.293048173762000097e-01 9.203496699542803583e-01 1.079585253148185320e-01 6.178093458078744993e-01 6.658434883495945034e-02 3.462020120552230518e-01 3.130169095172977700e-01 8.722998868232911818e-03 8.972523577836595265e-01
8.004904610146270638e-01 2.394587611510512470e-02 2.560017210541979393e-01 8.556535164850396225e-01 2.202442724063103929e-01 1.671750033879974007e-01 4.915882773760893443e-02 1.686021936493740103e-01 8.097493601897587379e-01 2.276943607671333414e-01
9.158119180449687535e-01 4.552132502120054269e-02 3.491408415813991306e-01 4.936320473471778048e-01 7.974390222645799664e-02 3.146548395834849465e-01 1.192656393193886055e-01 3.600245610306564981e-01 9.038885026272427403e-01 1.300953829685417285e-01
3.376923285278057296e-01 2.177310078081969857e-01 3.208266658912131142e-01 2.823705790283213002e-01 2.836431201833433668e-02 8.438163033629618726e-01 3.602205427226921053e-01 9.418383551541316123e-01 7.273693612891429794e-04 8.690595419357980411e-01
2.172151604418480764e-01 6.732095116950423952e-01 6.602917196161030011e-01 1.974456664492403313e-01 6.649894838134802200e-01 9.759174202378294583e-01 7.811902579896404797e-01 7.575864526894201534e-01 4.749647143613543454e-01 3.654728956800336048e-01
