1.622337839657336929e+02
1.464493827779238018e+02
1.614718442659737718e+02
1.592887333969014492e+02
1.576127071281765382e+02
1.546649642622817566e+02
1.666560449580597094e+02
1.680665358645491665e+02
1.619451840859383935e+02
1.510339501560492010e+02
1.725571769353194327e+02
1.556811295802362451e+02
1.560449746142644187e+02
1.703730846979700573e+02
1.651096313541212908e+02
1.578426846921340143e+02
1.628126649180813956e+02
1.613092628631956700e+02
1.550685308993408569e+02
1.475569270631370102e+02
1.550030032157931430e+02
1.628211648444161881e+02
1.577357242312088204e+02
1.546186439709210561e+02
1.649206062584348729e+02
1.622005818355759175e+02
1.537335190607076356e+02
1.555159301353476167e+02
1.631471265287441668e+02
1.602660991749599191e+02
1.535426921517577341e+02
1.581145224769498441e+02
1.634560879462000571e+02
1.502316824065847527e+02
1.627226837312070700e+02
1.593786112146724463e+02
1.662211350370372145e+02
1.561962825896438574e+02
1.530142333291085777e+02
1.716216184783569076e+02
1.630109364006285091e+02
1.648803748676789667e+02
1.561350041539978122e+02
1.644317864919439955e+02
1.602562629996576220e+02
1.640836322057765244e+02
1.623408273184529378e+02
1.531781676807226233e+02
1.552059236856574671e+02
1.604702996226151015e+02
1.636401089978138259e+02
1.585599784262570608e+02
1.594370759676783393e+02
1.601086886226080992e+02
1.562830877323279708e+02
1.577011542422861794e+02
1.578125043693571286e+02
1.592671218353575284e+02
1.516164791212284513e+02
1.586680031745072768e+02
1.520038585802145121e+02
1.626052380856102957e+02
1.676025488477053500e+02
1.584027512099077342e+02
1.547191172178060583e+02
1.629379376053594228e+02
1.605172945153024102e+02
1.621623325702809950e+02
1.501173753818116268e+02
1.665036680624603775e+02
1.626217647033271305e+02
1.640009951206090761e+02
1.542869883716760739e+02
1.599362521805147992e+02
1.598923566515570371e+02
1.504703596789709366e+02
1.626511127139114024e+02
1.576763570047349674e+02
1.638510957764758302e+02
1.610929075439990754e+02
1.642754510328833817e+02
1.510290459114717692e+02
1.571748169241008384e+02
1.632326873423729978e+02
1.723797889775197518e+02
1.711374365328190379e+02
1.733282677229638296e+02
1.668235636566090250e+02
1.624951587782287277e+02
1.640854144066420872e+02
1.632091266688738642e+02
1.591834003955041794e+02
1.560219772812424424e+02
1.714197751496349156e+02
1.631447155466075003e+02
1.609212816030307636e+02
1.690572380122429195e+02
1.648235993837024864e+02
1.675493138566043285e+02
1.682870862752768062e+02
1.604260075494070747e+02
1.632795107573267899e+02
1.534759124005004480e+02
1.634931879590810695e+02
1.580772269082255548e+02
1.633972907252233426e+02
1.618152288290053207e+02
1.679392588645849003e+02
1.559190931001509455e+02
1.611860653308575024e+02
1.625111344994963076e+02
1.589010030598443848e+02
1.695489894915794480e+02
1.615992469630397750e+02
1.602806847524550165e+02
1.661003270000020109e+02
1.580890131303324324e+02
1.627708590636351857e+02
1.597116589600858276e+02
1.627398281297672611e+02
1.693733358646388467e+02
1.616388959990231058e+02
1.541357569404892445e+02
1.605319892529871311e+02
1.679684460885643489e+02
1.671240423810392031e+02
1.607353224590089553e+02
1.626884379800510771e+02
