1.709419864892285901e+01
1.593628181035837166e+01
1.955062071250279843e+01
1.841943256297947329e+01
1.620750890573081193e+01
1.773055625478865593e+01
1.760048163025123458e+01
1.602770763064374648e+01
1.822181794876265570e+01
1.742126105785556689e+01
1.573855139067401865e+01
1.638268098812982032e+01
1.747756505993445231e+01
1.846615389887638869e+01
1.711162648130759223e+01
1.854743270223155704e+01
1.767219385600814263e+01
1.697165055415310064e+01
1.695424748487161537e+01
1.587742009410967015e+01
1.964835780756394001e+01
1.718823306337400680e+01
2.540936258186701835e+01
2.082024184628909325e+01
1.812093536221723866e+01
1.925753767799496075e+01
1.859522943422377139e+01
1.723273275603078147e+01
1.869411426506099971e+01
1.657297076231455080e+01
1.434627956052325892e+01
1.297924443893698943e+01
