1.002470156997427608e+01
1.033043083274853657e+01
1.002810162197230781e+01
8.474808049015527089e+00
1.056761795727863351e+01
8.386632042456119152e+00
1.236557092561043270e+01
8.802317221147193393e+00
9.711437150725128475e+00
1.041661094606588556e+01
1.092598458308191134e+01
1.310159231759910625e+01
1.010646624502182611e+01
8.374253214597956685e+00
8.839935588377530351e+00
1.128204265754909486e+01
8.515856357792817022e+00
6.364763534471992834e+00
1.268396709180897730e+01
7.482162743919443137e+00
1.047895061125062632e+01
8.729624090505630818e+00
1.046653443409923767e+01
1.100078498344771383e+01
7.859941077537094145e+00
1.074668694756375764e+01
9.629453510123505922e+00
8.740774497247940644e+00
1.265371797920636965e+01
1.077998774621549671e+01
9.384067777673967825e+00
8.090485423767219686e+00
