1.387837200000000060e+01
1.660824399999999912e+01
1.519552599999999920e+01
1.754626800000000131e+01
1.455522899999999886e+01
1.659831300000000098e+01
1.441000700000000023e+01
1.613034499999999838e+01
1.671375600000000006e+01
1.539284699999999972e+01
1.778989299999999929e+01
1.738400900000000249e+01
1.735250800000000382e+01
1.668817199999999801e+01
1.618843599999999938e+01
1.447923799999999872e+01
1.501300299999999943e+01
1.569397799999999954e+01
1.708960000000000079e+01
1.565975300000000026e+01
1.690734199999999987e+01
1.599709900000000218e+01
1.771566500000000133e+01
1.725705999999999918e+01
1.663679899999999989e+01
1.677739700000000056e+01
1.292040300000000030e+01
1.738880600000000243e+01
1.673132000000000019e+01
1.579654299999999800e+01
1.555199699999999829e+01
1.373646800000000034e+01
