1.875359799999999666e+01
1.787242099999999922e+01
1.640487699999999904e+01
1.897418000000000404e+01
1.943715500000000063e+01
2.012131100000000217e+01
1.797031899999999993e+01
1.698972699999999492e+01
1.665212599999999910e+01
1.684851199999999949e+01
1.953194299999999828e+01
1.750250500000000287e+01
1.934588199999999603e+01
1.786833000000000027e+01
1.562064600000000070e+01
1.890544200000000430e+01
1.657321699999999609e+01
1.685248599999999897e+01
1.774290900000000093e+01
1.830040999999999940e+01
1.809323200000000043e+01
1.752282299999999893e+01
2.161059399999999897e+01
2.052342099999999903e+01
1.919524700000000195e+01
1.877888199999999586e+01
1.599642099999999978e+01
2.018519699999999872e+01
1.770888400000000118e+01
1.891118300000000119e+01
1.600758099999999828e+01
1.595735600000000431e+01
