1.725898887473803001e+01
1.626709716666634264e+01
1.532878106827920384e+01
1.777368692725828936e+01
1.693480742655765070e+01
1.416159238530414832e+01
1.389665452192354067e+01
1.590343297938547806e+01
1.589672567582253215e+01
1.846882065468315659e+01
1.590723990130208421e+01
1.601446428654971754e+01
1.654838897829139199e+01
1.360276018310201707e+01
1.530395229848120131e+01
1.754814838815253353e+01
1.543165657546695968e+01
1.401890853136879223e+01
1.679389102567338909e+01
1.690911506943258402e+01
1.796653626541218074e+01
1.571714916155535313e+01
1.693278717896032504e+01
1.642765081431500107e+01
1.598821443384722052e+01
1.749376684125397574e+01
1.296844847748524643e+01
1.354084861478181168e+01
1.658646698297665978e+01
1.504682431510798502e+01
1.513211283648849559e+01
1.526253773910062606e+01
