1.590322651526532916e+01
1.638735746238688762e+01
1.574437192765960880e+01
1.331158104714958768e+01
1.432199543429663002e+01
1.544733792523074456e+01
1.626560525944730884e+01
1.576147422786905317e+01
1.601756059167902890e+01
1.544135487044423449e+01
1.341546045367145723e+01
1.547088317216004683e+01
1.593506383375001079e+01
1.651733087885477147e+01
1.622650568358817935e+01
1.634839726970179541e+01
1.415155319784091681e+01
1.406172791299005098e+01
1.680843212566105294e+01
1.282524975298525582e+01
1.716348936225702104e+01
1.291711458028355253e+01
1.862482160944360032e+01
1.856022600612455875e+01
1.275801666997200101e+01
1.670023908380812117e+01
1.536514453644504741e+01
1.491695093425677321e+01
1.654007812484582018e+01
1.471523474275130816e+01
1.347991175968242672e+01
1.356177924587920280e+01
