1.656420400000000015e+01
1.522227500000000155e+01
1.532301900000000039e+01
1.585262900000000208e+01
1.520892700000000097e+01
1.835251099999999980e+01
1.349627900000000125e+01
1.515047599999999761e+01
1.438956800000000236e+01
1.208902600000000049e+01
1.457859699999999670e+01
1.379788000000000103e+01
1.536600500000000125e+01
1.606587300000000340e+01
1.747380399999999767e+01
1.358833300000000044e+01
1.530626200000000026e+01
1.560325800000000029e+01
1.552530700000000152e+01
1.616686400000000035e+01
1.618204000000000065e+01
1.639420400000000200e+01
1.681067400000000234e+01
1.603531500000000065e+01
1.678667900000000301e+01
1.454023799999999866e+01
1.507274100000000061e+01
1.517302099999999854e+01
1.790322299999999700e+01
1.704449699999999979e+01
1.415725299999999898e+01
1.319444600000000101e+01
