1.159692599999999985e+01
1.219576799999999928e+01
1.127398099999999914e+01
1.245294699999999821e+01
1.156702499999999922e+01
1.253642199999999818e+01
9.583869999999999223e+00
1.140290000000000070e+01
1.368525700000000178e+01
1.210450999999999944e+01
1.233433399999999835e+01
1.334347000000000349e+01
1.392974099999999993e+01
1.127590599999999910e+01
1.126220099999999924e+01
1.085966300000000118e+01
1.094157299999999999e+01
1.012298999999999793e+01
1.097591500000000053e+01
1.022833499999999951e+01
1.262867600000000046e+01
1.159989000000000026e+01
1.403208799999999989e+01
1.312098500000000101e+01
1.322987099999999927e+01
1.204518400000000078e+01
1.369498699999999936e+01
1.375459699999999863e+01
1.251405800000000212e+01
1.326692399999999950e+01
1.166160999999999959e+01
9.343465000000000131e+00
