2.169947999999999766e+01
1.994065299999999752e+01
1.714097200000000143e+01
2.093194100000000191e+01
2.036819100000000304e+01
2.131104899999999702e+01
1.854836900000000455e+01
2.129593299999999800e+01
1.755189599999999928e+01
1.859325600000000023e+01
2.168882100000000079e+01
1.651254999999999740e+01
1.880596299999999843e+01
2.223180400000000034e+01
2.142213200000000128e+01
1.949908400000000341e+01
2.156319400000000286e+01
1.972307900000000203e+01
2.114505699999999777e+01
2.028948500000000266e+01
2.033472199999999930e+01
1.881689899999999582e+01
2.165152500000000302e+01
2.020411299999999599e+01
2.105558999999999870e+01
2.023477499999999907e+01
1.888952699999999751e+01
2.303319699999999770e+01
1.905645900000000381e+01
2.170634000000000086e+01
1.869548299999999941e+01
1.621571100000000243e+01
