1.391169000000000011e+01
1.354667399999999944e+01
1.422674400000000183e+01
1.653159300000000087e+01
1.412278200000000083e+01
1.177460099999999521e+01
1.206224200000000124e+01
1.269413999999999909e+01
1.451128300000000237e+01
1.419573699999999938e+01
1.679111800000000088e+01
1.430326500000000323e+01
1.362547599999999903e+01
1.421555999999999997e+01
1.286714199999999764e+01
1.303426099999999899e+01
1.336597999999999864e+01
1.567739100000000008e+01
1.262583099999999980e+01
1.284113000000000149e+01
1.430936999999999948e+01
1.448480300000000121e+01
1.469166999999999845e+01
1.410249400000000009e+01
1.511091499999999854e+01
1.565911200000000036e+01
1.198950200000000166e+01
1.632218999999999909e+01
1.382921800000000268e+01
1.584204499999999882e+01
1.250339600000000218e+01
1.212753199999999865e+01
